2 0.029078125 0.713125 0.05815625 0.39614583333333336
2 0.24937499999999999 0.8502500000000001 0.18971875 0.2745625
2 0.5015 0.8703749999999999 0.230421875 0.25925
2 0.790515625 0.9050833333333334 0.214703125 0.1898125
3 0.9406718749999999 0.8894583333333334 0.09834375 0.2210625
3 0.96528125 0.8259583333333332 0.0694375 0.19820833333333335
3 0.11009374999999999 0.7415 0.06218749999999999 0.22372916666666667
2 0.04990625 0.3701041666666667 0.099828125 0.09206249999999999
3 0.485890625 0.33654166666666663 0.05337499999999999 0.10829166666666666
3 0.23735937499999998 0.3172916666666667 0.056999999999999995 0.08789583333333333
3 0.303859375 0.301 0.055046874999999995 0.0861875
3 0.5213593750000001 0.2680416666666667 0.031203124999999998 0.0665
3 0.682 0.2937291666666667 0.028578125 0.08704166666666667
3 0.751390625 0.286875 0.059390624999999996 0.083625
3 0.098859375 0.2937291666666667 0.053765625 0.06647916666666667
2 0.41851562500000006 0.23162500000000003 0.049140625 0.06054166666666667