3 0.021265625 0.7582708333333333 0.04253125 0.2225625
3 0.052515624999999996 0.5378541666666667 0.10503124999999999 0.17758333333333332
3 0.20771875 0.7229791666666666 0.08559375 0.24225
3 0.285421875 0.7554583333333333 0.0663125 0.276125
2 0.456375 0.8668958333333333 0.19225 0.2662083333333333
3 0.37003125 0.7588333333333334 0.079375 0.24454166666666666
3 0.894671875 0.3706875 0.058437499999999996 0.12793749999999998
3 0.8473750000000001 0.29720833333333335 0.062796875 0.0990625
3 0.0914375 0.28506250000000005 0.0740625 0.08170833333333333
1 0.8194375 0.7905 0.361109375 0.4189791666666667
2 0.393890625 0.289125 0.140203125 0.082875
2 0.705890625 0.309375 0.1444375 0.08864583333333333
2 0.961375 0.32729166666666665 0.07725 0.07589583333333333
2 0.264578125 0.24052083333333335 0.04825 0.06902083333333334