2 0.03428125 0.8074375 0.068578125 0.2583958333333333
2 0.23939062500000002 0.9189791666666667 0.24787499999999998 0.16204166666666667
2 0.49846874999999996 0.9155 0.18790625 0.16897916666666665
2 0.62040625 0.8386666666666667 0.19740625 0.2791875
2 0.125265625 0.3764583333333333 0.18109375 0.11172916666666667
1 0.0745 0.22027083333333333 0.147265625 0.13266666666666665
2 0.1430625 0.24631250000000002 0.06565625 0.0666875
2 0.265875 0.24514583333333334 0.066484375 0.064375
3 0.490234375 0.32208333333333333 0.041234375000000004 0.10020833333333333
3 0.792265625 0.7987708333333334 0.072359375 0.22020833333333334
3 0.883828125 0.7634791666666667 0.083609375 0.2260208333333333