3 0.515390625 0.7970208333333333 0.081140625 0.25145833333333334
3 0.673359375 0.7871875 0.0845625 0.2248541666666667
3 0.788796875 0.5043124999999999 0.04459375 0.15214583333333334
3 0.773171875 0.3400208333333333 0.06542187499999999 0.10135416666666666
3 0.318828125 0.3753125 0.07760937500000001 0.10941666666666668
2 0.10200000000000001 0.3863125 0.20400000000000001 0.0966875
3 0.106625 0.30416666666666664 0.038484375 0.07129166666666667
3 0.15740625 0.31283333333333335 0.056734375000000004 0.0816875
3 0.26110937500000003 0.33193750000000005 0.062140625000000005 0.08514583333333332
2 0.385234375 0.27060416666666665 0.08545312499999999 0.07362500000000001
2 0.42384374999999996 0.22316666666666668 0.055078125 0.07595833333333334
2 0.977 0.32614583333333336 0.046 0.10135416666666666