2 0.06553125 0.837375 0.131078125 0.3252291666666667
2 0.4025625 0.8877291666666667 0.25129687500000003 0.22454166666666667
2 0.678125 0.8651666666666666 0.203453125 0.26966666666666667
3 0.69678125 0.6732291666666667 0.11059375 0.1844375
3 0.679421875 0.5228333333333334 0.11753125 0.1475
3 0.49890625 0.6587708333333333 0.14190624999999998 0.17633333333333334
3 0.257625 0.6720833333333334 0.065609375 0.182125
3 0.358734375 0.556375 0.127203125 0.17293750000000002
3 0.2663125 0.7762083333333333 0.062140625000000005 0.20981249999999999
3 0.17734375 0.6992708333333333 0.066515625 0.20177083333333332
3 0.182984375 0.5170416666666667 0.07257812500000001 0.1359375
3 0.179953125 0.4505208333333333 0.082125 0.13483333333333333
3 0.28975 0.41060416666666666 0.06734375000000001 0.1175
3 0.35484375 0.373 0.062109375 0.1186875
3 0.1973125 0.3504375 0.07518749999999999 0.09439583333333333
3 0.051078124999999995 0.36895833333333333 0.0870625 0.10364583333333334
3 0.5084531250000001 0.28506250000000005 0.036015625 0.09560416666666667
3 0.554890625 0.29027083333333337 0.042984375000000005 0.0851875
3 0.638203125 0.2960625 0.0403125 0.09674999999999999
0 0.682484375 0.32729166666666665 0.048234375 0.11754166666666667
3 0.29625 0.28854166666666664 0.04390625 0.08864583333333333
2 0.41559375000000004 0.2544166666666667 0.06903125 0.06899999999999999