3 0.0225625 0.7547916666666666 0.045140625000000004 0.22949999999999998
3 0.0395 0.4036666666666667 0.079 0.10362500000000001
3 0.039796874999999995 0.303 0.0361875 0.08285416666666667
3 0.10489062499999999 0.32152083333333337 0.041359375 0.10597916666666667
3 0.16 0.289125 0.031796875 0.082875
2 0.27584375 0.34870833333333334 0.17496875 0.09787499999999999
3 0.18690625 0.2977916666666667 0.023109374999999998 0.07939583333333333
2 0.11573437499999999 0.24747916666666667 0.0474375 0.055125
2 0.199484375 0.23995833333333336 0.053484374999999994 0.04702083333333333
3 0.333578125 0.2555625 0.05603125 0.08520833333333333
3 0.36134374999999996 0.3267291666666667 0.0595 0.0955625
2 0.410375 0.27466666666666667 0.06903125 0.06089583333333334
2 0.52234375 0.27870833333333334 0.084609375 0.06204166666666667
3 0.5874375 0.28622916666666665 0.03771875 0.09791666666666667
3 0.39259374999999996 0.2920208333333333 0.038656249999999996 0.0678125
1 0.8285625 0.7922499999999999 0.342875 0.4155
2 0.46028125 0.88425 0.205265625 0.23147916666666665