2 0.04340625 0.8616875 0.0868125 0.276625
2 0.301875 0.931125 0.22703125000000002 0.13772916666666665
2 0.60478125 0.9415416666666666 0.2390625 0.11689583333333334
3 0.9548593750000001 0.8929375 0.09028125000000001 0.214125
3 0.5184375 0.7854583333333333 0.092421875 0.2144375
3 0.672921875 0.7900833333333334 0.0680625 0.2236875
3 0.75625 0.7935625000000001 0.09859375000000001 0.21675000000000003
3 0.57528125 0.5309375 0.09675 0.1359375
2 0.301453125 0.3596875 0.116796875 0.11289583333333333
2 0.435984375 0.337125 0.1254375 0.10250000000000001
3 0.4181875 0.3660625 0.05340625 0.10479166666666666
2 0.71153125 0.45860416666666665 0.213 0.15102083333333333
3 0.701125 0.3504375 0.046359375 0.09439583333333333
3 0.787921875 0.4302708333333333 0.074109375 0.11516666666666667
3 0.772296875 0.3504375 0.074109375 0.09439583333333333
2 0.9118906250000001 0.5332291666666666 0.17621875 0.15443749999999998
3 0.8764375 0.44937499999999997 0.084484375 0.07697916666666667
3 0.848234375 0.34812499999999996 0.074953125 0.08977083333333334
3 0.72803125 0.28160416666666666 0.058499999999999996 0.08864583333333333
2 0.026468750000000003 0.3452291666666667 0.052953125000000004 0.13258333333333333
3 0.14134375 0.31283333333333335 0.0309375 0.10945833333333334
2 0.5804843749999999 0.4782708333333333 0.200890625 0.1486875
2 0.97178125 0.303 0.056421874999999996 0.08285416666666667
2 0.30840625 0.29720833333333335 0.07860937500000001 0.08516666666666667
1 0.175609375 0.2335625 0.10470312500000001 0.13843750000000002
2 0.278890625 0.24977083333333333 0.061265625000000004 0.07364583333333334