2 0.201171875 0.62846875 0.3190078125 0.17708333333333334
2 0.5735703125 0.52778125 0.2486953125 0.15278124999999998
2 0.525390625 0.46528125000000004 0.2434921875 0.125
2 0.892578125 0.40971874999999996 0.2018203125 0.08680208333333334
2 0.56640625 0.36544791666666665 0.15885156250000002 0.08159374999999999
2 0.2591171875 0.4192708333333333 0.14583593749999998 0.07117708333333334
2 0.18359375 0.5286458333333334 0.2265625 0.109375
2 0.0872421875 0.46007291666666666 0.17447656250000002 0.09375
2 0.17122656249999998 0.9470520833333332 0.2877578125 0.10590625000000001
2 0.45833593749999996 0.9479166666666666 0.2864609375 0.10416666666666667
3 0.3196640625 0.71875 0.0950546875 0.14930208333333334
3 0.14453125 0.71528125 0.0755234375 0.15625
3 0.064453125 0.8619791666666666 0.0872421875 0.15451041666666668
3 0.19921875 0.5381979166666666 0.0885390625 0.09721874999999999
3 0.2897109375 0.48871875000000004 0.0768203125 0.08854166666666667
3 0.326171875 0.5173645833333333 0.0872421875 0.12846875
3 0.46549218750000004 0.51909375 0.08203125 0.12153125000000001
3 0.6796875 0.8515625 0.0625 0.20659375000000002
3 0.7467421875 0.80903125 0.06640625 0.1875
3 0.861328125 0.6640625 0.0716171875 0.15451041666666668
3 0.8990859375 0.7361145833333332 0.0638046875 0.15278124999999998
3 0.9329453125 0.6336770833333334 0.0559921875 0.13541666666666666
3 0.912109375 0.8776041666666666 0.0872421875 0.18576041666666668
3 0.833984375 0.8966979166666668 0.0690078125 0.17534375000000002
3 0.9772109375 0.69965625 0.0455703125 0.14583333333333334
3 0.3313828125 0.38628124999999996 0.0638046875 0.060760416666666664
3 0.14453125 0.40017708333333335 0.0703125 0.057291666666666664