3 0.3287734375 0.7091979166666668 0.0794296875 0.15451041666666668
3 0.14192968749999998 0.70746875 0.078125 0.14409375000000002
3 0.0572890625 0.8515625 0.10677343749999998 0.14409375000000002
3 0.03515625 0.64409375 0.0703125 0.11458333333333333
3 0.171875 0.6033020833333332 0.10416406250000002 0.11632291666666666
3 0.2193984375 0.6067708333333334 0.09765625 0.109375
3 0.2806015625 0.5460104166666666 0.0638046875 0.09895833333333333
3 0.3333359375 0.60590625 0.10416406250000002 0.10763541666666666
3 0.40494531250000004 0.5295104166666667 0.0885390625 0.11458333333333333
3 0.47135156250000004 0.45919791666666665 0.0755234375 0.08854166666666667
3 0.0572890625 0.5868020833333334 0.0677109375 0.11458333333333333
3 0.083984375 0.55034375 0.0768203125 0.11111458333333334
3 0.0677109375 0.42794791666666665 0.0651015625 0.08159374999999999
3 0.8619765625 0.6805520833333334 0.0859375 0.15971875000000002
3 0.955078125 0.6770833333333334 0.0716171875 0.17013541666666668
3 0.7473984375 0.7908020833333332 0.0807265625 0.21701041666666668
3 0.6842421875 0.8411458333333334 0.08203125 0.19965624999999998
3 0.8372421875 0.9114583333333334 0.0625 0.17708333333333334
3 0.9147109375 0.86371875 0.0716171875 0.18923958333333332
2 0.7252578125 0.45486458333333335 0.19791406250000002 0.12846875
2 0.17057031250000002 0.9453125 0.2942734375 0.109375
2 0.45703125 0.9505208333333334 0.28125 0.09895833333333333
2 0.3040390625 0.48784374999999996 0.2330703125 0.10416666666666667
2 0.2408828125 0.42621875000000004 0.17447656250000002 0.08854166666666667
2 0.953125 0.40017708333333335 0.09375 0.10242708333333334