2 0.1015625 0.4869791666666667 0.1328125 0.11979166666666667
2 0.2942734375 0.50434375 0.14583593749999998 0.14757291666666666
2 0.3782578125 0.6796875 0.2330703125 0.203125
2 0.0787734375 0.8645833333333334 0.15755468749999998 0.24305208333333334
2 0.69140625 0.38194791666666666 0.0963515625 0.09721874999999999
3 0.345703125 0.578125 0.04296875 0.08333333333333333
3 0.19010156250000002 0.40971874999999996 0.0364609375 0.09028125000000001
3 0.43880468749999996 0.5625 0.0338515625 0.10763541666666666
3 0.5416640625 0.6067708333333334 0.0572890625 0.12673958333333332
3 0.3854140625 0.8211770833333334 0.0833359375 0.16666666666666666
3 0.42903906249999996 0.88628125 0.10807031250000002 0.20659375000000002
3 0.2428359375 0.9071145833333334 0.0611953125 0.18576041666666668
3 0.7395859375 0.91753125 0.0572890625 0.16492708333333334
3 0.7747421875 0.5295104166666667 0.0416640625 0.11805208333333334
3 0.88671875 0.4739583333333333 0.0338515625 0.08680208333333334
3 0.9733046875 0.5017395833333333 0.0533828125 0.125
3 0.8723984375 0.41319791666666666 0.0338515625 0.09375
3 0.9075546875 0.36632291666666666 0.026039062499999998 0.06596874999999999