1 0.2571640625 0.7977395833333334 0.5143203125 0.40451041666666665
3 0.0865859375 0.6145833333333334 0.0455703125 0.09375
3 0.0338515625 0.44357291666666665 0.0338515625 0.078125
3 0.0670546875 0.4583333333333333 0.03515625 0.07291666666666667
2 0.0989609375 0.41492708333333334 0.09375 0.06596874999999999
3 0.0865859375 0.41059375000000004 0.02734375 0.07117708333333334
2 0.205078125 0.47048958333333335 0.12890625 0.10069791666666666
3 0.181640625 0.41580208333333335 0.02734375 0.07465625000000001
3 0.22265625 0.4401041666666667 0.0364609375 0.08507291666666666
3 0.2779921875 0.45486458333333335 0.029945312499999998 0.10763541666666666
3 0.3196640625 0.5078125 0.0455703125 0.12326041666666666
3 0.3665390625 0.45659374999999996 0.02734375 0.09028125000000001
3 0.45247656249999996 0.43315624999999996 0.05078125 0.10242708333333334
3 0.564453125 0.39409374999999996 0.0481796875 0.07291666666666667
3 0.599609375 0.38367708333333334 0.03515625 0.08680208333333334
3 0.7265625 0.453125 0.0755234375 0.11805208333333334
3 0.8938828125 0.4244791666666667 0.029945312499999998 0.08854166666666667
3 0.9361953125 0.3723958333333333 0.018226562499999998 0.078125
2 0.2252578125 0.5807291666666666 0.11197656250000002 0.140625
2 0.6087265625 0.73784375 0.21484375 0.20833333333333334
2 0.7044296875 0.3854166666666667 0.0729140625 0.0625
2 0.8548203125 0.3723958333333333 0.0611953125 0.08159374999999999
2 0.7610703125 0.34982291666666665 0.0559921875 0.057291666666666664
2 0.7220078125 0.32205208333333335 0.04296875 0.057291666666666664
2 0.80859375 0.3125 0.0442734375 0.048614583333333336
2 0.8658828125 0.3307291666666667 0.0416640625 0.05382291666666667