1 0.172325 0.7168416666666667 0.34465 0.5663166666666667
3 0.33598125 0.6051166666666666 0.059025 0.18731666666666666
3 0.43164375 0.7314999999999999 0.0836875 0.21230833333333335
3 0.46593125 0.6674833333333333 0.060587499999999996 0.178725
3 0.82736875 0.7649583333333334 0.09179375000000001 0.19589166666666666
3 0.8895000000000001 0.630875 0.06605625 0.16105
2 0.6496 0.7596583333333333 0.22376249999999998 0.25194999999999995
2 0.8563625 0.91545 0.28728125 0.1691
3 0.54748125 0.36661666666666665 0.052856249999999994 0.09364166666666666
3 0.39110625 0.34565833333333335 0.0776125 0.08505833333333333
3 0.21853750000000002 0.35765 0.07413125 0.081275