1 0.45638281249999996 0.59028125 0.2591171875 0.46180208333333334
2 0.7688828125 0.47221874999999996 0.10286718749999998 0.13888541666666668
2 0.7174453125 0.34809375000000004 0.0598984375 0.06423958333333334
2 0.7649765625 0.3151041666666667 0.0455703125 0.057291666666666664
2 0.8502578125 0.32465625000000004 0.0546875 0.052083333333333336
2 0.208984375 0.6119791666666666 0.13671875 0.16145833333333334
3 0.16732031249999998 0.50434375 0.0325546875 0.09201041666666666
2 0.18619531250000002 0.4635416666666667 0.0885390625 0.10069791666666666
2 0.10416406250000002 0.42013541666666665 0.10416406250000002 0.07638541666666666
3 0.12044531249999998 0.49132291666666666 0.0481796875 0.09028125000000001
3 0.0318984375 0.7743020833333334 0.0638046875 0.16666666666666666
3 0.205078125 0.4140625 0.0455703125 0.08159374999999999
3 0.3782578125 0.38888541666666665 0.0716171875 0.09375
3 0.59375 0.37846874999999996 0.0598984375 0.07638541666666666
3 0.716796875 0.8029479166666668 0.0794296875 0.19965624999999998
3 0.9212265625 0.9600729166666666 0.08203125 0.07986458333333334
3 0.8938828125 0.33767708333333335 0.024742187500000002 0.060760416666666664
3 0.181640625 0.35851041666666666 0.0403671875 0.046875
3 0.2213515625 0.40451041666666665 0.0364609375 0.08333333333333333