3 0.48307031250000004 0.43142708333333335 0.0651015625 0.10242708333333334
3 0.392578125 0.40190624999999996 0.0611953125 0.08159374999999999
3 0.2578125 0.40625 0.0546875 0.09028125000000001
3 0.19596093750000002 0.3828125 0.0403671875 0.06770833333333333
3 0.041015625 0.44878124999999996 0.0455703125 0.06770833333333333
3 0.224609375 0.7552083333333334 0.0846328125 0.15625
3 0.3346328125 0.7083333333333334 0.0833359375 0.17708333333333334
2 0.2037734375 0.5850729166666666 0.14974218749999998 0.1875
2 0.6067734375 0.44705208333333335 0.12760156250000002 0.12326041666666666
1 0.7708359375 0.63628125 0.2942734375 0.5607604166666668
2 0.7063828125 0.39148958333333334 0.07421875 0.09201041666666666
2 0.7259140625 0.30815624999999996 0.0950546875 0.11632291666666666
2 0.8111953125 0.34201041666666665 0.0703125 0.06596874999999999