2 0.6380234375 0.5685729166666668 0.16927343749999998 0.19965624999999998
2 0.11197656250000002 0.5 0.11458593749999998 0.08680208333333334
2 0.1171875 0.4192708333333333 0.11197656250000002 0.08507291666666666
2 0.3431015625 0.7204895833333332 0.2747421875 0.20138541666666668
2 0.33203125 0.9704895833333332 0.28125 0.05903125
3 0.8098984375 0.5104166666666666 0.0338515625 0.10763541666666666
2 0.82421875 0.45746875000000004 0.09375 0.10242708333333334
2 0.76953125 0.35503124999999996 0.0598984375 0.057291666666666664
3 0.19205468750000002 0.65625 0.03515625 0.14583333333333334
3 0.056640625 0.7239583333333334 0.0768203125 0.15278124999999998
3 0.064453125 0.6276041666666666 0.05078125 0.11284374999999999
3 0.3365859375 0.5633645833333334 0.05078125 0.09895833333333333
3 0.0716171875 0.85503125 0.10677343749999998 0.15104166666666666
1 0.92578125 0.703125 0.1484375 0.59375
3 0.8522109375 0.578125 0.024742187500000002 0.14236458333333332
3 0.8619765625 0.35069791666666666 0.020835937500000002 0.07986458333333334