3 0.15625 0.7361145833333332 0.0859375 0.16666666666666666
3 0.044921875 0.8515625 0.08984375 0.16492708333333334
2 0.2213515625 0.9140625 0.3072890625 0.171875
3 0.09765625 0.8663229166666666 0.0598984375 0.15278124999999998
3 0.53125 0.90190625 0.0625 0.19617708333333334
3 0.7115859375 0.9036458333333334 0.0716171875 0.16492708333333334
3 0.84375 0.92534375 0.0338515625 0.14930208333333334
3 0.8658828125 0.8359375 0.0442734375 0.13020833333333334
3 0.9427109375 0.8533020833333332 0.046875 0.19965624999999998
3 0.03125 0.5164895833333333 0.0390625 0.09201041666666666
3 0.07421875 0.5286458333333334 0.026039062499999998 0.08159374999999999
3 0.14388281249999998 0.48003124999999996 0.0481796875 0.11284374999999999
3 0.6783828125 0.40451041666666665 0.0520859375 0.08333333333333333
3 0.109375 0.43403125000000004 0.0442734375 0.08333333333333333
3 0.18359375 0.42621875000000004 0.046875 0.09548958333333334
3 0.263671875 0.4036458333333333 0.0455703125 0.09548958333333334
2 0.3216171875 0.44617708333333334 0.12760156250000002 0.11458333333333333
3 0.3606796875 0.3880208333333333 0.046875 0.07117708333333334