3 0.220703125 0.5373229166666668 0.09765625 0.10590625000000001
3 0.43424218750000004 0.36544791666666665 0.0533828125 0.06423958333333334
3 0.58203125 0.3723958333333333 0.046875 0.07465625000000001
3 0.8463515625 0.5078125 0.0911484375 0.13020833333333334
3 0.8938828125 0.31944791666666666 0.02734375 0.05903125
3 0.8125 0.7986145833333332 0.0546875 0.15278124999999998
3 0.9270859375 0.7630208333333334 0.0494765625 0.18923958333333332
3 0.158203125 0.7335104166666666 0.0872421875 0.15798958333333332
3 0.2018203125 0.86371875 0.0755234375 0.18229166666666666
3 0.267578125 0.9149270833333334 0.11588281250000002 0.17013541666666668
3 0.3873671875 0.9288229166666666 0.08203125 0.14236458333333332
3 0.8001328125 0.95659375 0.06640625 0.08680208333333334
3 0.90234375 0.8888854166666668 0.0677109375 0.22221875000000002
3 0.970703125 0.9314270833333332 0.05859375 0.13715624999999998
2 0.603515625 0.9539895833333334 0.2565078125 0.09201041666666666
2 0.0364609375 0.9375 0.0729140625 0.125
2 0.0690078125 0.41232291666666665 0.13802343749999998 0.10242708333333334
2 0.2311171875 0.3854166666666667 0.14713281250000002 0.07986458333333334
2 0.7565078125 0.31596874999999996 0.0755234375 0.05555208333333333
3 0.5494765625 0.3541666666666667 0.046875 0.05555208333333333