3 0.0631484375 0.6397604166666666 0.05859375 0.140625
3 0.13932031250000002 0.6649270833333334 0.0546875 0.13541666666666666
3 0.189453125 0.7091979166666668 0.0638046875 0.13020833333333334
3 0.2213515625 0.8029479166666668 0.078125 0.17882291666666666
3 0.11263281249999998 0.5833333333333334 0.029945312499999998 0.125
3 0.10025781250000002 0.55121875 0.0442734375 0.09201041666666666
3 0.17317968749999998 0.5338541666666666 0.0494765625 0.09548958333333334
3 0.3958359375 0.44965625000000004 0.0546875 0.10763541666666666
3 0.13932031250000002 0.48611458333333335 0.0494765625 0.08333333333333333
2 0.560546875 0.5520833333333334 0.16015625 0.17013541666666668
3 0.5436171875 0.45746875000000004 0.03515625 0.10242708333333334
3 0.74609375 0.5494791666666666 0.046875 0.11979166666666667
3 0.818359375 0.61284375 0.0533828125 0.13194791666666666
3 0.8431015625 0.51909375 0.0403671875 0.09375
3 0.865234375 0.44096874999999996 0.024742187500000002 0.09375
2 0.0559921875 0.88715625 0.11197656250000002 0.22569791666666666
2 0.6197890625 0.75 0.19271093749999998 0.22569791666666666
2 0.7682265625 0.890625 0.2421875 0.21875
2 0.6497421875 0.41059375000000004 0.1015625 0.10242708333333334
2 0.7610703125 0.40798958333333335 0.11588281250000002 0.18055208333333334
2 0.8723984375 0.37846874999999996 0.078125 0.09721874999999999
2 0.7369765625 0.31944791666666666 0.0729140625 0.09028125000000001
1 0.9602890625 0.43315624999999996 0.0794296875 0.30034374999999996