2 0.05416875 0.5111083333333334 0.10833125 0.16110833333333335
2 0.14375 0.8652749999999999 0.19583124999999998 0.26944166666666663
2 0.51458125 0.6902750000000001 0.225 0.23055833333333334
2 0.79166875 0.7513916666666667 0.24166875000000002 0.25277499999999997
2 0.15104375 0.3458333333333333 0.08125 0.10833333333333334
3 0.26979375 0.45139166666666664 0.03541875 0.102775
2 0.30416875 0.325 0.10416874999999999 0.11110833333333335
3 0.19270625 0.5666666666666667 0.05625 0.17777500000000002
3 0.26770625 0.6180583333333333 0.052081249999999996 0.16944166666666668
3 0.31666875 0.9180583333333334 0.075 0.16389166666666666
3 0.31770624999999997 0.8041666666666667 0.07291875 0.18610833333333335
3 0.353125 0.7722249999999999 0.06875 0.21110833333333334
3 0.29270625 0.5180583333333333 0.052081249999999996 0.147225
3 0.596875 0.4694416666666667 0.06041875 0.13889166666666666
3 0.571875 0.3680583333333333 0.052081249999999996 0.08610833333333333
3 0.67708125 0.46527500000000005 0.05416875 0.14166666666666666
3 0.7416687500000001 0.5555583333333333 0.07083125 0.13889166666666666
3 0.7885437500000001 0.49583333333333335 0.06041875 0.11944166666666668
3 0.62291875 0.7569416666666667 0.06666875 0.19166666666666668
3 0.45520625000000003 0.9111083333333333 0.08541874999999999 0.17777500000000002
3 0.49166875 0.8069416666666667 0.1125 0.24166666666666667
3 0.5520812500000001 0.9513916666666667 0.06666875 0.097225
3 0.96354375 0.8069416666666667 0.07291875 0.225