3 0.35914999999999997 0.40405 0.0458 0.13228333333333334
3 0.5460125 0.3107 0.044524999999999995 0.09558333333333334
3 0.4471125 0.2609166666666667 0.03735 0.09181666666666667
3 0.4797625 0.24423333333333333 0.0370375 0.07515000000000001
3 0.5975625 0.23964999999999997 0.0413875 0.07431666666666667
3 0.5810125 0.37843333333333334 0.0395125 0.11018333333333333
3 0.6552125 0.40071666666666667 0.0485625 0.12561666666666668
3 0.6463125 0.3125833333333334 0.051375000000000004 0.0785
3 0.634125 0.22673333333333331 0.03325 0.056799999999999996
3 0.6856874999999999 0.26006666666666667 0.067625 0.07348333333333334
3 0.7870874999999999 0.25111666666666665 0.054787499999999996 0.06806666666666668
3 0.8269249999999999 0.27236666666666665 0.0626 0.0689
3 0.9361375 0.28925 0.0591375 0.06515
3 0.9759375 0.2690333333333333 0.048125 0.06223333333333334
3 0.7631749999999999 0.47428333333333333 0.060112500000000006 0.15188333333333331
3 0.9469124999999999 0.5934666666666666 0.077575 0.15693333333333334
3 0.8722375 0.6688999999999999 0.0719625 0.19945000000000002
2 0.32165 0.21298333333333333 0.0583 0.054299999999999994
3 0.3927375 0.22465 0.0286125 0.06096666666666666
2 0.4835125 0.39821666666666666 0.12452500000000001 0.13728333333333334
2 0.614275 0.6591 0.19043749999999998 0.22569999999999998