2 0.23883749999999998 0.6816166666666668 0.1489375 0.25405
2 0.6083375 0.61305 0.20981249999999999 0.22111666666666666
2 0.450075 0.36843333333333333 0.12140000000000001 0.14018333333333333
2 0.270875 0.37135 0.084875 0.12101666666666666
2 0.27431249999999996 0.27466666666666667 0.073 0.07765000000000001
2 0.41054999999999997 0.24381666666666665 0.065475 0.06598333333333334
2 0.29243749999999996 0.21568333333333334 0.05925 0.055549999999999995
2 0.532575 0.29028333333333334 0.0863875 0.07973333333333334
3 0.46305 0.2517333333333333 0.025474999999999998 0.07348333333333334
3 0.5083625 0.1961 0.0223375 0.05805
3 0.55835 0.2227833333333333 0.0223375 0.06138333333333333
3 0.6274125 0.2682 0.0417 0.07723333333333333
3 0.7620874999999999 0.2617333333333333 0.059800000000000006 0.06015000000000001