2 0.1985375 0.7130666666666666 0.2070625 0.28781666666666667
2 0.515225 0.7335 0.22357500000000002 0.30365
2 0.43398749999999997 0.4367666666666667 0.12359999999999999 0.14354999999999998
2 0.22635000000000002 0.44531666666666664 0.1239375 0.13979999999999998
2 0.9009375 0.8939666666666667 0.198125 0.21208333333333335
2 0.6855249999999999 0.6293 0.19542500000000002 0.21195
3 0.968125 0.3438333333333334 0.06375 0.11601666666666667
3 0.3424875 0.7961 0.0715125 0.2492
3 0.3119 0.22956666666666667 0.022887499999999998 0.058866666666666664
3 0.345325 0.22531666666666667 0.020075 0.05905
3 0.3212 0.2646833333333333 0.0167625 0.06573333333333332
3 0.34245 0.29475 0.01695 0.06948333333333333
3 0.3290125 0.3373333333333333 0.024575 0.09128333333333334
3 0.389775 0.22931666666666667 0.017875000000000002 0.06965
3 0.43638750000000004 0.14868333333333333 0.0121375 0.03855
3 0.4537625 0.18895 0.021637499999999997 0.044116666666666665
3 0.4949875 0.2011 0.014150000000000001 0.0601
3 0.4369625 0.2443833333333333 0.012525 0.0694
3 0.4504125 0.2770166666666667 0.0174125 0.07565
3 0.4825625 0.25001666666666666 0.016625 0.07200000000000001
3 0.5042625000000001 0.29263333333333336 0.021625000000000002 0.10691666666666667
3 0.486175 0.33221666666666666 0.0218875 0.09581666666666667
3 0.564125 0.28825 0.028087499999999998 0.06861666666666667
3 0.550975 0.3197666666666667 0.0226125 0.08478333333333334
3 0.53405 0.34975 0.020012500000000003 0.10396666666666667
3 0.5745750000000001 0.3834166666666667 0.022949999999999998 0.10881666666666667
3 0.6165125 0.36036666666666667 0.0306875 0.10005
3 0.642025 0.33268333333333333 0.0244375 0.07765000000000001
3 0.660225 0.3152333333333333 0.0198125 0.08961666666666668
3 0.64425 0.40825 0.041875 0.12375
3 0.7151625 0.3681833333333333 0.0262 0.10525
3 0.684675 0.39353333333333335 0.0335625 0.10108333333333333
3 0.7417625 0.34708333333333335 0.032525 0.08823333333333333
3 0.786925 0.35251666666666664 0.0536 0.0878
3 0.7610875 0.43163333333333337 0.0641375 0.11846666666666666
3 0.8424250000000001 0.3768166666666667 0.031662499999999996 0.08951666666666667
3 0.8204375 0.4257666666666667 0.055862499999999995 0.12344999999999999
3 0.8890875 0.35753333333333337 0.0313625 0.07225000000000001
3 0.9063875 0.39 0.0421125 0.08486666666666667
3 0.9482125 0.38258333333333333 0.042175000000000004 0.09815
3 0.9689 0.4066333333333333 0.046174999999999994 0.10358333333333333
3 0.9040250000000001 0.4726 0.073 0.11823333333333333
3 0.9081375 0.5599166666666666 0.06625 0.16493333333333332
3 0.413775 0.29955 0.025675 0.09161666666666667