3 0.306025 0.49261666666666665 0.07706249999999999 0.15523333333333333
3 0.4814875 0.6293 0.0810875 0.19528333333333334
3 0.6652125 0.63035 0.08606249999999999 0.1932
3 0.6685 0.46281666666666665 0.0645 0.14146666666666666
3 0.6805249999999999 0.39321666666666666 0.060437500000000005 0.09393333333333333
3 0.5246 0.38926666666666665 0.0423375 0.1318666666666667
3 0.593975 0.3388333333333334 0.043575 0.10601666666666666
3 0.4321125 0.33030000000000004 0.04485 0.10974999999999999
3 0.4250875 0.2777833333333333 0.021412499999999998 0.0714
3 0.47945 0.2534 0.042649999999999993 0.07681666666666667
3 0.3604 0.2477833333333333 0.0358 0.07806666666666667
3 0.562575 0.22089999999999999 0.021400000000000002 0.07846666666666667
3 0.6727124999999999 0.24236666666666665 0.0760625 0.07556666666666667
3 0.895825 0.2786166666666666 0.072275 0.07306666666666667