3 0.1454125 0.48643333333333333 0.061224999999999995 0.15701666666666667
3 0.24458125 0.44880833333333336 0.06372499999999999 0.14136666666666667
3 0.19845 0.35323333333333334 0.042300000000000004 0.10020833333333333
3 0.3224375 0.3978 0.044431250000000005 0.117125
3 0.40834375 0.4344166666666666 0.06208125 0.1348
2 0.6541562500000001 0.8474 0.3245375 0.30520833333333336
3 0.67790625 0.6491833333333333 0.07620625 0.16988333333333336
3 0.778875 0.6682416666666666 0.08647500000000001 0.20245833333333332
2 0.891775 0.82795 0.21645 0.3441
3 0.8179875 0.6113 0.06886874999999999 0.14969166666666667
3 0.89063125 0.618375 0.05999375 0.1305
2 0.18738125 0.7025833333333333 0.17433125 0.26003333333333334