3 0.16057500000000002 0.34425 0.070525 0.10851666666666666
2 0.2875875 0.3869666666666667 0.20892499999999997 0.09976666666666667
2 0.500225 0.3478 0.206075 0.09476666666666667
2 0.8664499999999999 0.35133333333333333 0.2260125 0.11435
3 0.5399125 0.40321666666666667 0.0667125 0.1306166666666667
3 0.7117749999999999 0.4109333333333333 0.060425000000000006 0.1252
3 0.9530124999999999 0.4178 0.0428875 0.10145
3 0.8728625 0.45198333333333335 0.0607125 0.11979999999999999
3 0.7841125 0.48095 0.070725 0.13188333333333332
3 0.844575 0.3994666666666667 0.0322875 0.09811666666666666
3 0.909725 0.6168 0.0594625 0.18693333333333334
3 0.9765999999999999 0.6176333333333333 0.046799999999999994 0.23861666666666664
3 0.8469249999999999 0.6538833333333333 0.0775875 0.18611666666666668
3 0.7920874999999999 0.7666166666666667 0.0647875 0.19073333333333334
3 0.7877124999999999 0.6651499999999999 0.0685375 0.18361666666666668
3 0.6281875 0.6657666666666666 0.052625000000000005 0.17236666666666667
3 0.6585 0.5665833333333333 0.057 0.12400000000000001
3 0.066825 0.71515 0.08303750000000001 0.2003
3 0.7052124999999999 0.7568333333333334 0.06605 0.23365
3 0.6839624999999999 0.6253333333333333 0.0485625 0.13318333333333332
3 0.9759749999999999 0.9179166666666667 0.048049999999999995 0.16416666666666666
3 0.8561375 0.9408333333333333 0.07415 0.11833333333333333
3 0.7817624999999999 0.9658333333333333 0.1129125 0.06833333333333333
2 0.5720875 0.8618666666666667 0.2298125 0.27625
2 0.189625 0.8564666666666667 0.234875 0.28708333333333336