3 0.29296875 0.6822916666666666 0.078125 0.17013541666666668
3 0.0924453125 0.7838541666666666 0.09375 0.19965624999999998
3 0.018226562499999998 0.4427083333333333 0.0364609375 0.06944791666666666
3 0.0481796875 0.40798958333333335 0.03125 0.06944791666666666
3 0.6009140625 0.3541666666666667 0.029945312499999998 0.048614583333333336
3 0.9361953125 0.6119791666666666 0.0520859375 0.16145833333333334
3 0.8971328125 0.4817708333333333 0.03125 0.12326041666666666
3 0.94140625 0.44444791666666666 0.03125 0.09375
2 0.685546875 0.4270833333333333 0.08984375 0.09375
2 0.18880468749999998 0.5772604166666666 0.13541406250000002 0.15104166666666666
2 0.580078125 0.8038229166666666 0.23046875 0.25
2 0.8157578125 0.4609375 0.09765625 0.13715624999999998
2 0.7076796875 0.34721874999999996 0.0794296875 0.07986458333333334