2 0.2404 0.8328833333333333 0.22329999999999997 0.3316
2 0.2915 0.43656666666666666 0.1186125 0.16396666666666665
2 0.3177625 0.19933333333333333 0.047325 0.06023333333333333
2 0.32896250000000005 0.2601833333333334 0.0657625 0.0809
2 0.33847499999999997 0.33508333333333334 0.0796875 0.09453333333333333
2 0.39756250000000004 0.21163333333333334 0.0504375 0.05408333333333334
2 0.4287375 0.29675 0.07176249999999999 0.08595
1 0.5219625 0.2118 0.12050000000000001 0.1600666666666667
2 0.5031125 0.49810000000000004 0.14046250000000002 0.16733333333333333
2 0.7192125 0.51105 0.19445 0.15898333333333334
3 0.577825 0.3028666666666667 0.03085 0.09961666666666667
3 0.6329125 0.2781666666666667 0.0294125 0.08601666666666667
3 0.6966875 0.3602333333333333 0.040674999999999996 0.09748333333333334
3 0.6900624999999999 0.2924833333333334 0.0310125 0.07646666666666667
3 0.9891875 0.29583333333333334 0.021637499999999997 0.06885000000000001