2 0.21712499999999998 0.7918333333333334 0.214875 0.32366666666666666
2 0.53545 0.7761333333333333 0.23856249999999998 0.3053333333333333
2 0.5121 0.29945 0.21732500000000002 0.11474999999999999
2 0.724425 0.25881666666666664 0.1576 0.07931666666666667
2 0.9248375 0.32758333333333334 0.1503125 0.09183333333333334
2 0.50255 0.21878333333333336 0.08148749999999999 0.06228333333333333
3 0.43532499999999996 0.21760000000000002 0.042662500000000006 0.06253333333333334
3 0.2385875 0.33005 0.0708 0.08965
3 0.3204625 0.31808333333333333 0.08035 0.09693333333333333
3 0.257525 0.2735666666666666 0.042300000000000004 0.05475
2 0.1163125 0.3346166666666667 0.117075 0.12218333333333334
3 0.5889500000000001 0.22265000000000001 0.043475 0.07785
3 0.749675 0.2890333333333333 0.0779875 0.08046666666666667
3 0.6837000000000001 0.6720166666666666 0.0709875 0.20103333333333334
3 0.8107625 0.6493833333333333 0.0869625 0.23381666666666664
3 0.941325 0.6303833333333334 0.08654999999999999 0.20101666666666668
3 0.8640375 0.8313166666666667 0.0959375 0.23856666666666665
3 0.737175 0.7624666666666667 0.09205 0.2179833333333333
3 0.7791374999999999 0.8896166666666666 0.112725 0.21983333333333335
3 0.9262999999999999 0.7069 0.0604 0.1875
3 0.9559624999999999 0.8177833333333333 0.08070000000000001 0.20106666666666667
3 0.9528874999999999 0.9262833333333333 0.0942375 0.14743333333333333
3 0.3379 0.8918 0.12223750000000001 0.21638333333333334