3 0.474328125 0.48660416666666667 0.064734375 0.11309374999999999
3 0.7996640625 0.5282708333333334 0.11942187500000001 0.14285416666666664
3 0.9190859375 0.7232187499999999 0.0814765625 0.17261458333333335
3 0.5965390625 0.9010416666666666 0.0971015625 0.19791666666666666
3 0.7159609375 0.9025312499999999 0.072546875 0.19493749999999999
3 0.8465390625 0.8846770833333333 0.068078125 0.23065625
3 0.0809140625 0.8348229166666666 0.11272656249999999 0.11607291666666668
3 0.1958671875 0.6398854166666667 0.12164843750000001 0.15178125
2 0.1478828125 0.9419687499999999 0.2957578125 0.11607291666666668
3 0.1015625 0.8608645833333333 0.0714296875 0.10267708333333332
3 0.0652890625 0.47469791666666666 0.0546875 0.10416666666666667
2 0.1651796875 0.4925625 0.158484375 0.11905208333333334
3 0.1568046875 0.4226145833333333 0.0278984375 0.0625
3 0.349890625 0.5796145833333333 0.11272656249999999 0.16815625
2 0.298546875 0.4010416666666667 0.12164843750000001 0.10565625000000001
3 0.294640625 0.36160416666666667 0.0245546875 0.05655208333333333
3 0.513390625 0.4501458333333333 0.0825859375 0.1175625
2 0.3309140625 0.41219791666666666 0.099328125 0.10714583333333333
2 0.451453125 0.3511875 0.0747734375 0.07440625000000001
2 0.3761171875 0.9791666666666666 0.310265625 0.041666666666666664
3 0.607703125 0.3876458333333333 0.068078125 0.09672916666666667
3 0.5814765625 0.39509375 0.033484375 0.10267708333333332
3 0.6902890625 0.4598229166666667 0.068078125 0.11011458333333332
3 0.7237734375 0.4144375 0.0591484375 0.10565625000000001
3 0.6361640625 0.3645833333333333 0.033484375 0.07440625000000001
3 0.6830390625 0.3720208333333333 0.053570312499999995 0.08928124999999999
3 0.7299140625 0.3608645833333333 0.0401796875 0.08780208333333334
3 0.82421875 0.35342708333333334 0.0502265625 0.09375
3 0.8141718750000001 0.2842291666666667 0.0167421875 0.032739583333333336
3 0.8270078125 0.2916666666666667 0.013390625 0.047614583333333335
3 0.9893984375 0.7269375 0.021203125 0.15922916666666667
3 0.540734375 0.3288645833333333 0.0323671875 0.06844791666666666
2 0.607140625 0.28125 0.0669609375 0.059520833333333335