3 0.6625 0.7708333333333334 0.0796875 0.21458333333333332
3 0.47265625 0.7927083333333333 0.0625 0.21875
2 0.65 0.30104166666666665 0.1890625 0.11041666666666666
3 0.56953125 0.6041666666666666 0.05625 0.16666666666666666
2 0.0875 0.38125 0.175 0.11875
2 0.70078125 0.48333333333333334 0.259375 0.12708333333333333
3 0.5328125 0.9375 0.078125 0.125
2 0.76171875 0.390625 0.1609375 0.09166666666666666
3 0.6265625 0.959375 0.084375 0.08125
3 0.7796875 0.953125 0.0921875 0.09375
2 0.16796875 0.9802083333333333 0.315625 0.03958333333333333
3 0.40625 0.971875 0.0828125 0.05625
3 0.5609375 0.259375 0.0390625 0.06875