2 0.26640625 0.5520833333333334 0.240625 0.15208333333333332
2 0.64296875 0.45208333333333334 0.2453125 0.11875
3 0.16328125 0.6020833333333333 0.1265625 0.15625
0 0.553125 0.5520833333333334 0.103125 0.14583333333333334
2 0.60625 0.31875 0.178125 0.10208333333333333
3 0.78046875 0.5020833333333333 0.09375 0.125
2 0.33984375 0.36354166666666665 0.190625 0.10625
3 0.703125 0.8958333333333334 0.065625 0.20625
3 0.60703125 0.8927083333333333 0.0734375 0.21458333333333332
3 0.20859375 0.8895833333333333 0.084375 0.21875
2 0.03984375 0.465625 0.0796875 0.1375
3 0.41640625 0.9072916666666667 0.071875 0.18541666666666667
3 0.3015625 0.9208333333333333 0.08125 0.15833333333333333
3 0.49765625 0.9239583333333333 0.0734375 0.15208333333333332
3 0.49453125 0.30833333333333335 0.0609375 0.08958333333333333
3 0.790625 0.959375 0.08125 0.08125
3 0.2078125 0.33958333333333335 0.0453125 0.0875
3 0.2328125 0.30416666666666664 0.046875 0.08125
2 0.3578125 0.246875 0.05625 0.06458333333333334