2 0.5046875 0.36041666666666666 0.0984375 0.125
2 0.609375 0.453125 0.1265625 0.19166666666666668
2 0.27734375 0.3458333333333333 0.096875 0.11875
3 0.5703125 0.7697916666666667 0.0640625 0.22083333333333333
3 0.76328125 0.4166666666666667 0.053125 0.13125
3 0.4046875 0.3927083333333333 0.0453125 0.125
3 0.49296875 0.5395833333333333 0.0484375 0.15625
3 0.0578125 0.509375 0.0453125 0.14166666666666666
3 0.47421875 0.4708333333333333 0.0421875 0.12916666666666668
3 0.59453125 0.3260416666666667 0.0234375 0.06875
2 0.51328125 0.2875 0.0640625 0.06458333333333334