2 0.30703125 0.4395833333333333 0.1203125 0.13125
2 0.22265625 0.33541666666666664 0.0953125 0.1
2 0.50703125 0.3385416666666667 0.0734375 0.10208333333333333
3 0.27265625 0.5458333333333333 0.0546875 0.15625
3 0.0171875 0.5395833333333333 0.034375 0.13958333333333334
3 0.03828125 0.4427083333333333 0.0375 0.10625
3 0.3484375 0.259375 0.0265625 0.075
3 0.58828125 0.6802083333333333 0.059375 0.20208333333333334
3 0.5703125 0.28541666666666665 0.0234375 0.06666666666666667
3 0.5875 0.678125 0.0578125 0.20208333333333334
3 0.5140625 0.25 0.01875 0.0625
3 0.28828125 0.2875 0.0296875 0.075