0 0.29765625 0.38958333333333334 0.0453125 0.1125
3 0.70546875 0.4791666666666667 0.0890625 0.125
3 0.44140625 0.8979166666666667 0.084375 0.20416666666666666
3 0.2296875 0.565625 0.1203125 0.14791666666666667
3 0.5640625 0.3385416666666667 0.0703125 0.08333333333333333
3 0.70078125 0.2760416666666667 0.059375 0.07083333333333333
3 0.58515625 0.29375 0.05 0.06666666666666667
3 0.75234375 0.3572916666666667 0.0421875 0.09583333333333334
3 0.5171875 0.28125 0.0453125 0.07083333333333333
3 0.7921875 0.26979166666666665 0.0453125 0.058333333333333334
3 0.48046875 0.2635416666666667 0.025 0.06875
3 0.78515625 0.971875 0.1 0.05625