2 0.55546875 0.5864583333333333 0.1671875 0.3
2 0.290625 0.85 0.2296875 0.3
2 0.24296875 0.41458333333333336 0.10625 0.12708333333333333
3 0.0359375 0.575 0.0671875 0.16041666666666668
3 0.50078125 0.859375 0.075 0.23125
0 0.0515625 0.396875 0.034375 0.1125
3 0.68359375 0.48125 0.0421875 0.13541666666666666
3 0.11796875 0.6364583333333333 0.0640625 0.18333333333333332
3 0.7140625 0.7010416666666667 0.046875 0.17708333333333334
3 0.36953125 0.47604166666666664 0.0515625 0.14375
3 0.6671875 0.9135416666666667 0.071875 0.17291666666666666
3 0.7390625 0.528125 0.0421875 0.14375
3 0.5578125 0.40208333333333335 0.03125 0.10208333333333333
3 0.3125 0.3489583333333333 0.03125 0.10416666666666667
3 0.63671875 0.3229166666666667 0.0234375 0.08541666666666667
3 0.7921875 0.975 0.0796875 0.05