3 0.60390625 0.45625 0.08125 0.125
3 0.60390625 0.8239583333333333 0.065625 0.2375
2 0.3984375 0.5677083333333334 0.1421875 0.1875
3 0.70390625 0.6875 0.053125 0.21458333333333332
3 0.02421875 0.7645833333333333 0.0484375 0.20625
3 0.5890625 0.6302083333333334 0.0640625 0.18958333333333333
3 0.55078125 0.40520833333333334 0.05 0.12083333333333333
3 0.61796875 0.3770833333333333 0.040625 0.0875
2 0.2828125 0.37395833333333334 0.125 0.22083333333333333
3 0.76953125 0.36354166666666665 0.046875 0.10416666666666667
2 0.4625 0.3145833333333333 0.06875 0.08541666666666667
3 0.06328125 0.42604166666666665 0.0359375 0.10833333333333334