3 0.659375 0.9239583333333333 0.0890625 0.15208333333333332
3 0.61328125 0.5510416666666667 0.04375 0.13333333333333333
3 0.534375 0.359375 0.0265625 0.1
3 0.62421875 0.421875 0.0328125 0.10208333333333333
3 0.5015625 0.465625 0.034375 0.11875
2 0.51953125 0.315625 0.065625 0.07708333333333334
3 0.72109375 0.3958333333333333 0.028125 0.09375
2 0.61328125 0.31145833333333334 0.0609375 0.08333333333333333
2 0.47734375 0.9697916666666667 0.246875 0.058333333333333334
3 0.47734375 0.3885416666666667 0.028125 0.1125
3 0.61015625 0.365625 0.0265625 0.0875