3 0.48671875 0.75625 0.0625 0.225
3 0.5015625 0.3697916666666667 0.0625 0.09791666666666667
3 0.7546875 0.9041666666666667 0.0734375 0.19166666666666668
2 0.60625 0.9385416666666667 0.346875 0.12083333333333333
3 0.6671875 0.578125 0.040625 0.15416666666666667
3 0.53203125 0.4583333333333333 0.0390625 0.12708333333333333
3 0.47109375 0.46979166666666666 0.0390625 0.13958333333333334
3 0.58125 0.5135416666666667 0.0375 0.15416666666666667
3 0.23515625 0.4 0.0359375 0.11875
3 0.5984375 0.42916666666666664 0.034375 0.11666666666666667
3 0.74375 0.5270833333333333 0.040625 0.15833333333333333
3 0.6703125 0.5010416666666667 0.0390625 0.12916666666666668
3 0.0796875 0.440625 0.0390625 0.11666666666666667
3 0.31484375 0.346875 0.028125 0.08333333333333333
2 0.3234375 0.30104166666666665 0.0703125 0.07708333333333334
3 0.56015625 0.3 0.0375 0.08333333333333333
3 0.2203125 0.3625 0.0265625 0.08958333333333333