2 0.47578125 0.9395833333333333 0.2390625 0.12083333333333333
2 0.06171875 0.815625 0.121875 0.3020833333333333
3 0.6359375 0.8885416666666667 0.078125 0.22291666666666668
3 0.6796875 0.759375 0.0671875 0.21666666666666667
3 0.4234375 0.7302083333333333 0.06875 0.23541666666666666
3 0.77734375 0.740625 0.08125 0.20833333333333334
3 0.91484375 0.846875 0.071875 0.22291666666666668
3 0.96484375 0.7770833333333333 0.0640625 0.225
3 0.63671875 0.40208333333333335 0.0546875 0.11666666666666667
3 0.8921875 0.65 0.0640625 0.18958333333333333
3 0.75234375 0.8802083333333334 0.08125 0.23333333333333334
3 0.871875 0.7395833333333334 0.0640625 0.21666666666666667
3 0.55 0.5010416666666667 0.0546875 0.15833333333333333
3 0.67109375 0.3489583333333333 0.0578125 0.09583333333333334
3 0.1734375 0.9375 0.0875 0.125
3 0.55546875 0.30625 0.0796875 0.10416666666666667
3 0.76796875 0.9375 0.075 0.125
3 0.93046875 0.9697916666666667 0.084375 0.06041666666666667
3 0.7390625 0.28229166666666666 0.059375 0.08125
2 0.23984375 0.8302083333333333 0.2 0.26666666666666666
2 0.24765625 0.23958333333333334 0.0578125 0.07291666666666667
3 0.68125 0.9708333333333333 0.0859375 0.058333333333333334