3 0.88046875 0.6958333333333333 0.1453125 0.18541666666666667
2 0.3953125 0.44479166666666664 0.1203125 0.16458333333333333
3 0.51484375 0.7020833333333333 0.0640625 0.22083333333333333
2 0.4578125 0.2375 0.0671875 0.13333333333333333
3 0.84921875 0.3260416666666667 0.0671875 0.08958333333333333
3 0.56484375 0.4375 0.0390625 0.12708333333333333
3 0.515625 0.4708333333333333 0.0421875 0.13958333333333334
3 0.740625 0.2875 0.059375 0.0875
3 0.64609375 0.45729166666666665 0.04375 0.13333333333333333
3 0.0234375 0.9041666666666667 0.046875 0.19166666666666668
3 0.6375 0.3625 0.0328125 0.10416666666666667
3 0.559375 0.27708333333333335 0.0328125 0.08958333333333333
3 0.91484375 0.340625 0.0640625 0.10208333333333333
3 0.61796875 0.303125 0.0328125 0.08958333333333333
3 0.653125 0.29583333333333334 0.034375 0.09583333333333334