2 0.2171875 0.8625 0.25 0.275
2 0.0984375 0.490625 0.196875 0.17083333333333334
3 0.825 0.75 0.065625 0.21666666666666667
3 0.253125 0.6364583333333333 0.115625 0.17291666666666666
3 0.9171875 0.7697916666666667 0.0734375 0.21666666666666667
3 0.5328125 0.775 0.075 0.23541666666666666
3 0.9296875 0.871875 0.059375 0.22916666666666666
3 0.63203125 0.7583333333333333 0.0625 0.22083333333333333
3 0.81328125 0.8510416666666667 0.075 0.23958333333333334
3 0.71640625 0.7697916666666667 0.0640625 0.19791666666666666
2 0.515625 0.9572916666666667 0.2171875 0.08333333333333333
3 0.628125 0.30833333333333335 0.0390625 0.1125
3 0.71171875 0.690625 0.0671875 0.20416666666666666
3 0.7078125 0.8979166666666667 0.0734375 0.20416666666666666
3 0.05 0.26875 0.0453125 0.07916666666666666
0 0.73984375 0.3697916666666667 0.0390625 0.12708333333333333
2 0.2578125 0.24791666666666667 0.053125 0.07291666666666667