2 0.51015625 0.8916666666666667 0.2015625 0.21666666666666667
3 0.72109375 0.9041666666666667 0.078125 0.19166666666666668
2 0.44375 0.371875 0.18125 0.13333333333333333
3 0.64375 0.796875 0.0765625 0.23958333333333334
2 0.1375 0.47604166666666664 0.2109375 0.17083333333333334
3 0.896875 0.7677083333333333 0.071875 0.22708333333333333
3 0.9171875 0.8895833333333333 0.0609375 0.22083333333333333
3 0.6203125 0.478125 0.05625 0.15625
3 0.3328125 0.3614583333333333 0.0671875 0.1125
3 0.98125 0.8020833333333334 0.0375 0.24166666666666667
3 0.77734375 0.8479166666666667 0.06875 0.25
3 0.82734375 0.790625 0.0625 0.20833333333333334
3 0.83828125 0.925 0.0796875 0.15
3 0.0171875 0.703125 0.034375 0.225
2 0.7484375 0.346875 0.178125 0.10833333333333334
2 0.9640625 0.30104166666666665 0.071875 0.07708333333333334
3 0.0828125 0.290625 0.0484375 0.075
2 0.02421875 0.8833333333333333 0.0484375 0.23333333333333334
3 0.415625 0.275 0.0578125 0.07083333333333333
3 0.70546875 0.4375 0.05625 0.13958333333333334
3 0.7046875 0.5010416666666667 0.0578125 0.1625
3 0.03515625 0.29583333333333334 0.0546875 0.0875
3 0.3109375 0.30416666666666664 0.08125 0.12291666666666666
3 0.1875 0.32083333333333336 0.071875 0.09166666666666666
3 0.3921875 0.31979166666666664 0.0578125 0.06875
3 0.52578125 0.28229166666666666 0.0578125 0.075
2 0.81875 0.3260416666666667 0.1203125 0.08333333333333333