2 0.4421875 0.80625 0.1765625 0.25
2 0.58203125 0.484375 0.09375 0.14583333333333334
2 0.45234375 0.40625 0.09375 0.11875
2 0.5546875 0.26979166666666665 0.05625 0.08125
2 0.35859375 0.5791666666666667 0.1234375 0.175
3 0.0828125 0.8072916666666666 0.075 0.23541666666666666
2 0.46328125 0.3125 0.071875 0.08958333333333333
3 0.73046875 0.47291666666666665 0.0390625 0.15625
3 0.6734375 0.6875 0.0609375 0.19166666666666668
3 0.68046875 0.5645833333333333 0.0546875 0.15625
2 0.459375 0.24895833333333334 0.059375 0.0625
3 0.95546875 0.32395833333333335 0.0625 0.08958333333333333
3 0.6140625 0.3541666666666667 0.0375 0.11041666666666666
3 0.76328125 0.359375 0.04375 0.10416666666666667
3 0.39765625 0.265625 0.040625 0.075
3 0.2359375 0.303125 0.040625 0.08125
2 0.02109375 0.8510416666666667 0.0421875 0.29375
3 0.2859375 0.28854166666666664 0.046875 0.08125
3 0.12890625 0.296875 0.0609375 0.09583333333333334
3 0.8421875 0.34270833333333334 0.06875 0.08541666666666667
3 0.20234375 0.28958333333333336 0.040625 0.07916666666666666
2 0.01484375 0.421875 0.0296875 0.14791666666666667