2 0.09453125 0.871875 0.1890625 0.25416666666666665
2 0.21875 0.94375 0.28125 0.1125
3 0.41015625 0.709375 0.0609375 0.2
3 0.0265625 0.6822916666666666 0.053125 0.175
2 0.690625 0.31875 0.090625 0.10625
2 0.59140625 0.2989583333333333 0.140625 0.08125
3 0.090625 0.7114583333333333 0.0546875 0.17291666666666666
3 0.2734375 0.2875 0.0625 0.07708333333333334
2 0.0609375 0.3 0.121875 0.06875
3 0.2625 0.5520833333333334 0.0734375 0.16458333333333333
3 0.82578125 0.778125 0.065625 0.19583333333333333
3 0.36328125 0.278125 0.0609375 0.0875
3 0.871875 0.9385416666666667 0.065625 0.12291666666666666
3 0.95703125 0.9114583333333334 0.071875 0.17708333333333334
3 0.915625 0.8177083333333334 0.0609375 0.20625
3 0.84921875 0.8614583333333333 0.0625 0.1875
0 0.27890625 0.646875 0.053125 0.18125
3 0.9078125 0.703125 0.0609375 0.16458333333333333
3 0.87578125 0.371875 0.0515625 0.11041666666666666
1 0.65078125 0.753125 0.4875 0.4895833333333333
3 0.72890625 0.3458333333333333 0.034375 0.10208333333333333