3 0.92109375 0.6427083333333333 0.1359375 0.16875
3 0.315625 0.5645833333333333 0.125 0.17083333333333334
3 0.56640625 0.44895833333333335 0.08125 0.1375
3 0.07578125 0.35104166666666664 0.0671875 0.1
3 0.1359375 0.3302083333333333 0.0515625 0.08958333333333333
3 0.24453125 0.3416666666666667 0.053125 0.09166666666666666
3 0.30625 0.296875 0.04375 0.08541666666666667
3 0.3484375 0.28020833333333334 0.0484375 0.08333333333333333
3 0.27734375 0.315625 0.046875 0.08541666666666667
3 0.6453125 0.38645833333333335 0.0375 0.12083333333333333
3 0.015625 0.3458333333333333 0.03125 0.09583333333333334
3 0.5875 0.28541666666666665 0.0359375 0.09791666666666667
3 0.16796875 0.3125 0.0453125 0.08333333333333333
3 0.2203125 0.3145833333333333 0.0375 0.08125
3 0.4953125 0.2625 0.0359375 0.075
3 0.41171875 0.253125 0.040625 0.07291666666666667
3 0.94609375 0.31354166666666666 0.0578125 0.10416666666666667