1 0.58125 0.409375 0.19375 0.3229166666666667
2 0.0375 0.8604166666666667 0.0734375 0.2791666666666667
3 0.65859375 0.7770833333333333 0.059375 0.22708333333333333
3 0.1265625 0.9083333333333333 0.0875 0.18333333333333332
3 0.83125 0.7166666666666667 0.0609375 0.20833333333333334
2 0.3640625 0.32395833333333335 0.078125 0.09791666666666667
2 0.359375 0.471875 0.11875 0.2125
3 0.74609375 0.5885416666666666 0.053125 0.16666666666666666
3 0.75859375 0.76875 0.05625 0.21458333333333332
2 0.4515625 0.284375 0.05625 0.0875
3 0.77421875 0.421875 0.0453125 0.13125
3 0.82734375 0.6177083333333333 0.0609375 0.16041666666666668
3 0.69140625 0.415625 0.0328125 0.12708333333333333
3 0.72109375 0.38229166666666664 0.0359375 0.12083333333333333
3 0.98984375 0.459375 0.0203125 0.13333333333333333
3 0.6375 0.2677083333333333 0.0328125 0.08125