2 0.25703125 0.859375 0.2484375 0.28125
2 0.35703125 0.41770833333333335 0.128125 0.11875
3 0.9328125 0.6020833333333333 0.096875 0.13958333333333334
2 0.290625 0.33958333333333335 0.103125 0.08958333333333333
3 0.47578125 0.5135416666666667 0.0765625 0.14583333333333334
3 0.78359375 0.5864583333333333 0.0984375 0.14791666666666667
3 0.09375 0.6520833333333333 0.084375 0.17916666666666667
3 0.03203125 0.871875 0.0625 0.24166666666666667
3 0.9703125 0.6427083333333333 0.059375 0.14583333333333334
3 0.6265625 0.540625 0.084375 0.14583333333333334
2 0.55 0.4 0.1421875 0.09375
3 0.48828125 0.8489583333333334 0.0734375 0.2520833333333333
3 0.703125 0.8604166666666667 0.06875 0.23125
3 0.8375 0.5697916666666667 0.0890625 0.14375
3 0.9515625 0.89375 0.0640625 0.21041666666666667
2 0.60703125 0.4739583333333333 0.1890625 0.12708333333333333
3 0.25 0.3958333333333333 0.0390625 0.125
3 0.13984375 0.409375 0.0421875 0.13541666666666666
3 0.809375 0.9458333333333333 0.08125 0.10833333333333334
3 0.05859375 0.7677083333333333 0.06875 0.18958333333333333
3 0.921875 0.9333333333333333 0.090625 0.13333333333333333
2 0.925 0.55625 0.15 0.15625
3 0.665625 0.528125 0.071875 0.13125
3 0.8265625 0.8635416666666667 0.0609375 0.19791666666666666
3 0.86953125 0.8072916666666666 0.0671875 0.22916666666666666
3 0.4328125 0.375 0.0375 0.1
3 0.30703125 0.4322916666666667 0.0578125 0.10625
3 0.46328125 0.40520833333333334 0.04375 0.10625
3 0.5828125 0.3416666666666667 0.046875 0.075
3 0.64609375 0.3854166666666667 0.0453125 0.11666666666666667
3 0.3421875 0.503125 0.06875 0.13541666666666666
3 0.721875 0.43125 0.071875 0.11875
3 0.915625 0.765625 0.059375 0.20833333333333334
2 0.1109375 0.29375 0.0625 0.09166666666666666
3 0.71484375 0.2760416666666667 0.040625 0.08125
2 0.24765625 0.28229166666666666 0.071875 0.08333333333333333
3 0.8125 0.33645833333333336 0.0625 0.09791666666666667