2 0.3 0.4166666666666667 0.196875 0.15208333333333332
2 0.228125 0.8697916666666666 0.2484375 0.25625
3 0.05390625 0.896875 0.06875 0.20625
2 0.49296875 0.9270833333333334 0.2125 0.14583333333333334
3 0.80625 0.9145833333333333 0.0703125 0.17083333333333334
3 0.55546875 0.746875 0.059375 0.21041666666666667
2 0.57890625 0.2833333333333333 0.15 0.09166666666666666
3 0.63046875 0.7125 0.065625 0.20833333333333334
3 0.9515625 0.5625 0.0875 0.14791666666666667
3 0.634375 0.3333333333333333 0.0640625 0.10208333333333333
3 0.87109375 0.8385416666666666 0.0671875 0.24583333333333332
3 0.4484375 0.35208333333333336 0.065625 0.09375
3 0.4765625 0.41041666666666665 0.0578125 0.11458333333333333
3 0.81328125 0.4979166666666667 0.053125 0.14166666666666666
3 0.53125 0.36041666666666666 0.0671875 0.10416666666666667
3 0.7296875 0.7270833333333333 0.0671875 0.18125
3 0.665625 0.88125 0.0734375 0.22916666666666666
3 0.75703125 0.8322916666666667 0.0546875 0.21875
3 0.6875 0.40208333333333335 0.05 0.12291666666666666
3 0.953125 0.7052083333333333 0.059375 0.19375
3 0.96171875 0.9364583333333333 0.0765625 0.125
3 0.28203125 0.9520833333333333 0.1171875 0.09583333333333334
3 0.70234375 0.9395833333333333 0.084375 0.12083333333333333
3 0.88125 0.7083333333333334 0.065625 0.18541666666666667
3 0.5625 0.29583333333333334 0.0484375 0.075
1 0.8890625 0.26979166666666665 0.21875 0.15208333333333332
3 0.84921875 0.46875 0.046875 0.13125
3 0.98046875 0.8708333333333333 0.0390625 0.25833333333333336
3 0.71484375 0.278125 0.0515625 0.0875
3 0.16640625 0.7385416666666667 0.0640625 0.21875
3 0.09609375 0.7927083333333333 0.0625 0.20208333333333334
3 0.09375 0.7083333333333334 0.053125 0.13958333333333334
3 0.01171875 0.27708333333333335 0.0234375 0.08333333333333333