2 0.1921875 0.8645833333333334 0.2453125 0.2708333333333333
2 0.51171875 0.884375 0.178125 0.23125
2 0.44140625 0.35208333333333336 0.078125 0.09583333333333334
3 0.959375 0.7416666666666667 0.071875 0.21666666666666667
2 0.04140625 0.6885416666666667 0.08125 0.23125
2 0.496875 0.6270833333333333 0.1328125 0.18541666666666667
3 0.7140625 0.8333333333333334 0.0609375 0.24166666666666667
3 0.84453125 0.7927083333333333 0.0609375 0.21666666666666667
3 0.65390625 0.6302083333333334 0.0515625 0.18125
3 0.721875 0.5729166666666666 0.046875 0.17083333333333334
3 0.746875 0.44479166666666664 0.0390625 0.12708333333333333
3 0.734375 0.7197916666666667 0.0546875 0.16666666666666666
3 0.01875 0.4510416666666667 0.0375 0.11041666666666666
3 0.7859375 0.61875 0.04375 0.17083333333333334
3 0.78203125 0.33125 0.0453125 0.09375
3 0.6296875 0.5333333333333333 0.0453125 0.14791666666666667
3 0.65703125 0.4125 0.03125 0.11666666666666667
3 0.5109375 0.37083333333333335 0.034375 0.10833333333333334
3 0.47421875 0.415625 0.03125 0.11458333333333333
3 0.8234375 0.6854166666666667 0.0578125 0.17708333333333334
3 0.59375 0.465625 0.034375 0.125
3 0.69375 0.37395833333333334 0.025 0.10208333333333333
3 0.64765625 0.325 0.0328125 0.1
3 0.61328125 0.3958333333333333 0.0375 0.11458333333333333
3 0.97578125 0.9041666666666667 0.0484375 0.19166666666666668
3 0.5875 0.30416666666666664 0.028125 0.0875
3 0.8453125 0.540625 0.0453125 0.15416666666666667
3 0.70625 0.49166666666666664 0.0390625 0.11875
2 0.7984375 0.3020833333333333 0.1296875 0.08125
3 0.615625 0.33645833333333336 0.0265625 0.09375
3 0.98046875 0.29791666666666666 0.0390625 0.08541666666666667