3 0.778125 0.8802083333333334 0.075 0.23958333333333334
2 0.25625 0.9479166666666666 0.2453125 0.10416666666666667
2 0.59765625 0.78125 0.1625 0.24166666666666667
3 0.7671875 0.48125 0.0578125 0.1375
3 0.8359375 0.4583333333333333 0.059375 0.11458333333333333
2 0.3390625 0.6114583333333333 0.1609375 0.22083333333333333
3 0.22890625 0.3229166666666667 0.0546875 0.09583333333333334
3 0.9109375 0.5166666666666667 0.0671875 0.11666666666666667
3 0.653125 0.6145833333333334 0.05 0.16666666666666666
3 0.8421875 0.725 0.0546875 0.20625
3 0.9453125 0.759375 0.0609375 0.20416666666666666
3 0.271875 0.29791666666666666 0.046875 0.08958333333333333
3 0.065625 0.6020833333333333 0.05625 0.16458333333333333
3 0.75234375 0.6385416666666667 0.0484375 0.17083333333333334
3 0.5015625 0.4395833333333333 0.0359375 0.12708333333333333
3 0.5640625 0.47604166666666664 0.0359375 0.1375
3 0.7046875 0.5145833333333333 0.040625 0.13958333333333334
3 0.834375 0.6 0.0484375 0.14166666666666666
3 0.03984375 0.2875 0.0578125 0.0875
3 0.6109375 0.9354166666666667 0.0890625 0.12916666666666668
3 0.73515625 0.3958333333333333 0.0359375 0.10625
3 0.7640625 0.7395833333333334 0.05625 0.18333333333333332
3 0.47578125 0.478125 0.0390625 0.13541666666666666
3 0.68515625 0.36666666666666664 0.0359375 0.09583333333333334
3 0.6125 0.390625 0.0453125 0.11875
3 0.92734375 0.6302083333333334 0.053125 0.15625
3 0.05 0.7104166666666667 0.071875 0.19375
3 0.38671875 0.26979166666666665 0.0359375 0.08958333333333333
3 0.63828125 0.49895833333333334 0.0359375 0.12916666666666668
3 0.98671875 0.8885416666666667 0.0265625 0.21666666666666667
3 0.76640625 0.3125 0.040625 0.09583333333333334
1 0.0328125 0.8625 0.065625 0.27291666666666664
3 0.9890625 0.8895833333333333 0.021875 0.21666666666666667
3 0.696875 0.278125 0.03125 0.07708333333333334