2 0.51796875 0.415625 0.0921875 0.11666666666666667
2 0.4453125 0.7875 0.1625 0.24583333333333332
3 0.06171875 0.6541666666666667 0.071875 0.21458333333333332
3 0.72265625 0.5125 0.0515625 0.18125
3 0.71484375 0.953125 0.1 0.09375
3 0.603125 0.5739583333333333 0.059375 0.175
3 0.18984375 0.33645833333333336 0.0546875 0.10833333333333334
2 0.41875 0.36770833333333336 0.078125 0.09791666666666667
2 0.4796875 0.3020833333333333 0.0609375 0.075
3 0.846875 0.33229166666666665 0.08125 0.10625
3 0.61875 0.3645833333333333 0.040625 0.11875
3 0.23828125 0.30104166666666665 0.0359375 0.09166666666666666
3 0.321875 0.284375 0.03125 0.08958333333333333
2 0.02109375 0.853125 0.0421875 0.29375