2 0.22890625 0.86875 0.25 0.2604166666666667
2 0.49296875 0.9270833333333334 0.2140625 0.14583333333333334
3 0.05390625 0.8958333333333334 0.06875 0.20625
3 0.80703125 0.9135416666666667 0.0734375 0.17291666666666666
2 0.16875 0.43020833333333336 0.1796875 0.14791666666666667
3 0.55546875 0.7479166666666667 0.059375 0.21041666666666667
3 0.63203125 0.7114583333333333 0.06875 0.2125
3 0.8703125 0.8395833333333333 0.071875 0.24583333333333332
3 0.72890625 0.725 0.06875 0.18125
3 0.95546875 0.7041666666666667 0.0640625 0.20625
0 0.684375 0.5104166666666666 0.096875 0.15208333333333332
3 0.72578125 0.328125 0.0609375 0.09166666666666666
3 0.67734375 0.3541666666666667 0.059375 0.09791666666666667
3 0.75703125 0.834375 0.0578125 0.21875
3 0.6078125 0.28229166666666666 0.065625 0.0875
3 0.665625 0.88125 0.0734375 0.22916666666666666
3 0.9625 0.934375 0.0734375 0.13125
3 0.2828125 0.9510416666666667 0.1171875 0.09791666666666667
3 0.88203125 0.7114583333333333 0.0671875 0.2125
3 0.70234375 0.9395833333333333 0.084375 0.12083333333333333
3 0.19921875 0.26979166666666665 0.05625 0.07708333333333334
3 0.09375 0.7072916666666667 0.0546875 0.14375
3 0.165625 0.7364583333333333 0.0640625 0.21666666666666667
3 0.096875 0.7927083333333333 0.0609375 0.20208333333333334
3 0.9796875 0.8697916666666666 0.040625 0.24791666666666667
3 0.65625 0.3 0.059375 0.09166666666666666
3 0.47890625 0.284375 0.0625 0.06875
3 0.66953125 0.4427083333333333 0.04375 0.11458333333333333
3 0.3796875 0.284375 0.0578125 0.07708333333333334
2 0.01953125 0.8541666666666666 0.0390625 0.275
2 0.8859375 0.325 0.1640625 0.10625
2 0.8859375 0.3260416666666667 0.1625 0.11041666666666666