2 0.484375 0.8822916666666667 0.1984375 0.23541666666666666
3 0.82109375 0.5479166666666667 0.0890625 0.1125
2 0.24921875 0.7677083333333333 0.18125 0.25
3 0.7078125 0.7916666666666666 0.0421875 0.19166666666666668
3 0.75390625 0.76875 0.0484375 0.17916666666666667
3 0.63984375 0.8697916666666666 0.0703125 0.21458333333333332
3 0.03046875 0.8 0.05625 0.20208333333333334
2 0.1796875 0.95 0.2171875 0.1
3 0.4859375 0.703125 0.0578125 0.17708333333333334
3 0.55703125 0.6958333333333333 0.0546875 0.175
3 0.409375 0.7177083333333333 0.053125 0.16041666666666668
3 0.28046875 0.40625 0.0765625 0.09375
3 0.10859375 0.840625 0.065625 0.21041666666666667
3 0.08984375 0.7604166666666666 0.0546875 0.17708333333333334
3 0.02265625 0.9145833333333333 0.0453125 0.17083333333333334
2 0.1171875 0.365625 0.1953125 0.17083333333333334
2 0.55625 0.4270833333333333 0.34375 0.2125
3 0.3390625 0.37604166666666666 0.0484375 0.0875
3 0.0921875 0.659375 0.059375 0.15416666666666667
3 0.66796875 0.70625 0.0421875 0.14583333333333334
2 0.76015625 0.471875 0.0890625 0.09791666666666667
2 0.278125 0.31145833333333334 0.1328125 0.07083333333333333