3 0.5203125 0.6114583333333333 0.1140625 0.15208333333333332
3 0.08671875 0.7875 0.08125 0.25416666666666665
3 0.409375 0.8177083333333334 0.071875 0.23125
2 0.2546875 0.7302083333333333 0.1859375 0.25
3 0.5 0.45625 0.078125 0.11041666666666666
3 0.25234375 0.9052083333333333 0.0796875 0.18958333333333333
3 0.553125 0.41770833333333335 0.0609375 0.09583333333333334
3 0.66796875 0.40520833333333334 0.0578125 0.0875
3 0.3421875 0.35 0.0375 0.0875
3 0.43203125 0.384375 0.03125 0.0875
3 0.43203125 0.6916666666666667 0.05625 0.16041666666666668
3 0.103125 0.3302083333333333 0.0578125 0.09583333333333334
3 0.85078125 0.93125 0.128125 0.1375
3 0.65234375 0.39166666666666666 0.059375 0.075
3 0.2078125 0.3333333333333333 0.0265625 0.07291666666666667
3 0.71171875 0.38958333333333334 0.0578125 0.07916666666666666
3 0.4546875 0.3458333333333333 0.03125 0.07916666666666666
3 0.59609375 0.3489583333333333 0.0484375 0.0625
3 0.40625 0.33541666666666664 0.0234375 0.07708333333333334
3 0.23671875 0.31354166666666666 0.025 0.07083333333333333
3 0.159375 0.303125 0.021875 0.07708333333333334