2 0.18671875 0.721875 0.2171875 0.39375
3 0.36328125 0.41354166666666664 0.0734375 0.10416666666666667
3 0.88046875 0.8125 0.065625 0.1875
3 0.19296875 0.4875 0.0546875 0.13541666666666666
3 0.35234375 0.8677083333333333 0.0703125 0.22291666666666668
2 0.1703125 0.31666666666666665 0.1421875 0.07708333333333334
3 0.10234375 0.4354166666666667 0.0640625 0.1125
3 0.82890625 0.7447916666666666 0.0421875 0.15625
3 0.5140625 0.8197916666666667 0.0578125 0.20625
3 0.51015625 0.68125 0.05625 0.14166666666666666
3 0.7546875 0.8479166666666667 0.0578125 0.2125
3 0.3671875 0.6885416666666667 0.053125 0.16666666666666666
3 0.3515625 0.7583333333333333 0.0515625 0.15416666666666667
3 0.40546875 0.9375 0.0578125 0.125
3 0.67421875 0.8270833333333333 0.05 0.2375
3 0.46484375 0.9114583333333334 0.0546875 0.175
3 0.721875 0.925 0.0671875 0.15
3 0.61015625 0.8885416666666667 0.05625 0.16666666666666666
3 0.4390625 0.81875 0.0625 0.15625
3 0.803125 0.9697916666666667 0.08125 0.06041666666666667
3 0.6015625 0.815625 0.05625 0.15
3 0.8 0.6979166666666666 0.0453125 0.18125
3 0.696875 0.740625 0.05 0.17083333333333334
3 0.43671875 0.725 0.059375 0.16041666666666668
3 0.0625 0.665625 0.0546875 0.17708333333333334
3 0.5140625 0.9708333333333333 0.0671875 0.058333333333333334