2 0.41328125 0.7270833333333333 0.2171875 0.3854166666666667
3 0.18984375 0.7458333333333333 0.0578125 0.20833333333333334
3 0.146875 0.6677083333333333 0.0515625 0.20416666666666666
3 0.18984375 0.36875 0.0734375 0.10833333333333334
3 0.57421875 0.7510416666666667 0.0734375 0.2
3 0.23671875 0.696875 0.04375 0.19375
3 0.03828125 0.5875 0.0765625 0.18958333333333333
3 0.08046875 0.6572916666666667 0.05 0.18333333333333332
2 0.25546875 0.31875 0.146875 0.08333333333333333
3 0.2640625 0.6395833333333333 0.0515625 0.16458333333333333
3 0.19921875 0.625 0.046875 0.15833333333333333
3 0.046875 0.7385416666666667 0.0671875 0.225