2 0.32734375 0.8322916666666667 0.1984375 0.3
3 0.14921875 0.68125 0.06875 0.20833333333333334
3 0.13828125 0.903125 0.0765625 0.19375
3 0.20703125 0.5510416666666667 0.0484375 0.15416666666666667
3 0.61640625 0.6895833333333333 0.0625 0.16458333333333333
3 0.53203125 0.7604166666666666 0.0625 0.2
3 0.44375 0.5489583333333333 0.05 0.1375
3 0.3328125 0.45208333333333334 0.046875 0.12083333333333333
3 0.13828125 0.40729166666666666 0.0390625 0.10416666666666667
3 0.60078125 0.5635416666666667 0.0578125 0.12916666666666668
2 0.31953125 0.34375 0.075 0.07708333333333334
3 0.403125 0.45 0.040625 0.1125
3 0.78515625 0.9135416666666667 0.1265625 0.17291666666666666
3 0.09375 0.35 0.03125 0.11041666666666666
3 0.41328125 0.3375 0.0359375 0.075
3 0.0109375 0.45416666666666666 0.021875 0.17916666666666667