2 0.484375 0.8822916666666667 0.196875 0.23333333333333334
3 0.6421875 0.86875 0.075 0.2125
1 0.56015625 0.4041666666666667 0.3203125 0.19166666666666668
2 0.1515625 0.3802083333333333 0.175 0.09791666666666667
2 0.24921875 0.7677083333333333 0.18125 0.24791666666666667
3 0.74375 0.7375 0.0515625 0.18125
3 0.6984375 0.7760416666666666 0.040625 0.17916666666666667
3 0.55703125 0.696875 0.0484375 0.1625
3 0.36640625 0.396875 0.0625 0.1
3 0.03203125 0.8020833333333334 0.0546875 0.21458333333333332
3 0.61796875 0.690625 0.0421875 0.16666666666666666
3 0.66953125 0.7010416666666667 0.0421875 0.14791666666666667
2 0.18046875 0.95 0.2140625 0.1
3 0.2625 0.3729166666666667 0.0484375 0.0875
3 0.4859375 0.703125 0.0546875 0.17291666666666666
3 0.4078125 0.7166666666666667 0.0546875 0.16666666666666666
2 0.3421875 0.34375 0.1234375 0.08333333333333333
2 0.17890625 0.3072916666666667 0.10625 0.06041666666666667
3 0.32890625 0.375 0.0734375 0.08333333333333333
3 0.7546875 0.5947916666666667 0.040625 0.125
3 0.090625 0.7614583333333333 0.053125 0.17708333333333334
3 0.1078125 0.8354166666666667 0.0609375 0.18958333333333333
3 0.34921875 0.37604166666666666 0.0609375 0.08125
3 0.2875 0.3614583333333333 0.04375 0.08333333333333333
3 0.02265625 0.91875 0.0453125 0.16041666666666668
3 0.0921875 0.6614583333333334 0.0578125 0.15416666666666667