2 0.18671875 0.7229166666666667 0.2171875 0.3875
3 0.09140625 0.434375 0.0515625 0.11458333333333333
3 0.165625 0.3958333333333333 0.0671875 0.09791666666666667
3 0.5140625 0.8208333333333333 0.0609375 0.20625
3 0.7984375 0.9072916666666667 0.0890625 0.18541666666666667
3 0.21640625 0.43020833333333336 0.0515625 0.10208333333333333
3 0.68359375 0.8572916666666667 0.0546875 0.19583333333333333
3 0.46796875 0.4010416666666667 0.0640625 0.10833333333333334
3 0.3390625 0.3229166666666667 0.0453125 0.0875
3 0.35234375 0.86875 0.0703125 0.22083333333333333
3 0.803125 0.7041666666666667 0.065625 0.17083333333333334
3 0.51015625 0.6875 0.0546875 0.15833333333333333
3 0.40234375 0.9333333333333333 0.0671875 0.13333333333333333
3 0.5828125 0.815625 0.0578125 0.1875
3 0.35078125 0.7541666666666667 0.0609375 0.17708333333333334
3 0.43828125 0.7125 0.0640625 0.23958333333333334
0 0.56953125 0.4635416666666667 0.0765625 0.12291666666666666
3 0.696875 0.7239583333333334 0.0640625 0.2125
3 0.059375 0.3145833333333333 0.0546875 0.06875
3 0.065625 0.6666666666666666 0.05625 0.18125
3 0.46328125 0.9072916666666667 0.0546875 0.18333333333333332
3 0.36640625 0.6885416666666667 0.053125 0.16875
3 0.14375 0.34479166666666666 0.0578125 0.07708333333333334