2 0.13203125 0.4895833333333333 0.134375 0.14166666666666666
3 0.4625 0.7052083333333333 0.05625 0.18333333333333332
2 0.2046875 0.953125 0.2390625 0.09375
3 0.253125 0.6583333333333333 0.0546875 0.20833333333333334
3 0.3515625 0.7354166666666667 0.0578125 0.19583333333333333
3 0.396875 0.446875 0.0484375 0.11041666666666666
3 0.69375 0.8260416666666667 0.075 0.21041666666666667
3 0.30859375 0.596875 0.04375 0.15416666666666667
3 0.50390625 0.625 0.0484375 0.14791666666666667
3 0.65625 0.9125 0.071875 0.175
3 0.0984375 0.55625 0.0421875 0.15208333333333332
3 0.4078125 0.5458333333333333 0.0390625 0.12916666666666668
3 0.57734375 0.6552083333333333 0.0546875 0.16875
3 0.34453125 0.49895833333333334 0.034375 0.125
3 0.47265625 0.478125 0.028125 0.10833333333333334
3 0.49609375 0.4510416666666667 0.0265625 0.1
3 0.44453125 0.4125 0.0359375 0.08125
3 0.55703125 0.3625 0.0359375 0.07708333333333334
3 0.76953125 0.45208333333333334 0.0640625 0.09166666666666666
3 0.83984375 0.48333333333333334 0.0671875 0.09375