2 0.496875 0.44479166666666664 0.2109375 0.1375
2 0.20703125 0.7729166666666667 0.1796875 0.22916666666666666
2 0.19453125 0.9375 0.2625 0.125
3 0.71015625 0.7447916666666666 0.0609375 0.1625
3 0.48203125 0.8291666666666667 0.053125 0.2
3 0.3 0.4375 0.0765625 0.10625
3 0.3640625 0.8302083333333333 0.053125 0.2
3 0.55625 0.6635416666666667 0.065625 0.1375
3 0.53203125 0.9104166666666667 0.0609375 0.17916666666666667
2 0.61875 0.425 0.0890625 0.11666666666666667
3 0.421875 0.34375 0.0640625 0.07708333333333334
3 0.55625 0.8083333333333333 0.046875 0.17083333333333334
3 0.8 0.709375 0.04375 0.21458333333333332
3 0.334375 0.31666666666666665 0.05625 0.07916666666666666
3 0.27109375 0.41458333333333336 0.0671875 0.08958333333333333
3 0.35390625 0.7375 0.053125 0.1625
3 0.084375 0.37604166666666666 0.065625 0.09166666666666666
3 0.628125 0.7291666666666666 0.053125 0.14583333333333334
3 0.4671875 0.6666666666666666 0.0484375 0.13958333333333334
3 0.44375 0.7458333333333333 0.0453125 0.15625
3 0.3796875 0.6770833333333334 0.0515625 0.15208333333333332
3 0.7109375 0.5083333333333333 0.09375 0.10833333333333334
3 0.64296875 0.7854166666666667 0.05 0.15208333333333332
3 0.73671875 0.6927083333333334 0.0453125 0.16666666666666666
3 0.62421875 0.9302083333333333 0.08125 0.13958333333333334
3 0.65390625 0.6739583333333333 0.0453125 0.14583333333333334
3 0.2703125 0.41458333333333336 0.06875 0.08958333333333333
3 0.45390625 0.9510416666666667 0.0828125 0.09791666666666667
3 0.415625 0.9052083333333333 0.065625 0.18958333333333333