3 0.125 0.565625 0.0796875 0.16458333333333333
3 0.53359375 0.7979166666666667 0.0671875 0.20625
2 0.38359375 0.7572916666666667 0.1734375 0.2625
3 0.265625 0.425 0.0796875 0.11041666666666666
3 0.7125 0.7072916666666667 0.0625 0.17291666666666666
2 0.18671875 0.309375 0.1359375 0.07708333333333334
3 0.6234375 0.68125 0.053125 0.18125
2 0.06328125 0.3729166666666667 0.125 0.11041666666666666
3 0.5171875 0.40208333333333335 0.0609375 0.09583333333333334
2 0.33125 0.40208333333333335 0.1859375 0.11041666666666666
3 0.2109375 0.36770833333333336 0.0671875 0.09583333333333334
2 0.1953125 0.8395833333333333 0.390625 0.32083333333333336
3 0.565625 0.6645833333333333 0.0453125 0.16041666666666668
2 0.45078125 0.34791666666666665 0.1375 0.07708333333333334
2 0.759375 0.47604166666666664 0.1984375 0.12916666666666668
3 0.73671875 0.95625 0.13125 0.0875
3 0.51640625 0.7041666666666667 0.0578125 0.14375
2 0.040625 0.290625 0.08125 0.06458333333333334
2 0.88984375 0.4125 0.1375 0.07083333333333333
3 0.4375 0.38229166666666664 0.0546875 0.075
3 0.0546875 0.3020833333333333 0.040625 0.06875