2 0.6421875 0.2847222222222222 0.0984375 0.17222222222222222
3 0.44375 0.8361111111111111 0.06875 0.3138888888888889
3 0.75546875 0.55 0.0546875 0.2361111111111111
3 0.475 0.6194444444444445 0.06875 0.2972222222222222
3 0.325 0.6944444444444444 0.0734375 0.3111111111111111
3 0.5125 0.26944444444444443 0.0390625 0.18055555555555555
3 0.453125 0.25833333333333336 0.0390625 0.17777777777777778
3 0.3046875 0.8791666666666667 0.0921875 0.2388888888888889
3 0.12890625 0.8722222222222222 0.0921875 0.25277777777777777
3 0.9109375 0.9388888888888889 0.0796875 0.12222222222222222
3 0.53046875 0.10416666666666667 0.0296875 0.11666666666666667