3 0.36015625 0.8541666666666666 0.0734375 0.2833333333333333
3 0.56953125 0.19444444444444445 0.0390625 0.1527777777777778
3 0.47890625 0.40555555555555556 0.0453125 0.21944444444444444
3 0.42109375 0.6708333333333333 0.053125 0.3194444444444444
3 0.3140625 0.525 0.0484375 0.2111111111111111
3 0.37265625 0.4513888888888889 0.040625 0.21666666666666667
3 0.53125 0.21944444444444444 0.03125 0.14444444444444443
2 0.8734375 0.9208333333333333 0.253125 0.15833333333333333
3 0.4859375 0.26805555555555555 0.0421875 0.15555555555555556
3 0.63984375 0.12361111111111112 0.0234375 0.10833333333333334
3 0.42109375 0.26805555555555555 0.03125 0.125
3 0.67578125 0.18055555555555555 0.0296875 0.125
3 0.42421875 0.5083333333333333 0.046875 0.20555555555555555