3 0.7421875 0.6333333333333333 0.05625 0.26666666666666666
2 0.634375 0.3861111111111111 0.1328125 0.22777777777777777
3 0.5171875 0.8069444444444445 0.06875 0.3277777777777778
3 0.49140625 0.43333333333333335 0.053125 0.2
3 0.5453125 0.2722222222222222 0.0359375 0.1638888888888889
2 0.875 0.9208333333333333 0.25 0.15833333333333333
3 0.63984375 0.20277777777777778 0.03125 0.12777777777777777
3 0.68984375 0.24166666666666667 0.0375 0.16944444444444445
3 0.66171875 0.8958333333333334 0.084375 0.20555555555555555
3 0.6 0.21388888888888888 0.028125 0.125
3 0.475 0.16944444444444445 0.0609375 0.1111111111111111
3 0.4171875 0.325 0.0453125 0.17777777777777778