2 0.60703125 0.3763888888888889 0.1140625 0.20277777777777778
2 0.71796875 0.7319444444444444 0.1796875 0.3388888888888889
3 0.19453125 0.7472222222222222 0.0703125 0.28888888888888886
3 0.51796875 0.6861111111111111 0.065625 0.2916666666666667
3 0.315625 0.7708333333333334 0.065625 0.275
3 0.428125 0.5541666666666667 0.0484375 0.25277777777777777
2 0.62109375 0.20416666666666666 0.084375 0.14166666666666666
3 0.3375 0.46111111111111114 0.05 0.24722222222222223
3 0.53125 0.15 0.0375 0.17222222222222222
3 0.28125 0.575 0.0609375 0.2388888888888889
3 0.39609375 0.3819444444444444 0.0421875 0.21388888888888888
3 0.46640625 0.1625 0.053125 0.1111111111111111
3 0.4578125 0.4305555555555556 0.05 0.19166666666666668