2 0.50390625 0.8328125 0.39296875 0.33125
2 0.1171875 0.8057291666666667 0.23203125 0.2708333333333333
2 0.586328125 0.5130208333333334 0.1546875 0.1375
2 0.708984375 0.5692708333333333 0.13359375 0.159375
2 0.713671875 0.3875 0.08203125 0.08333333333333333
3 0.71171875 0.709375 0.06796875 0.16354166666666667
3 0.866796875 0.6265625 0.04140625 0.14895833333333333
3 0.88828125 0.7901041666666667 0.0578125 0.19479166666666667
3 0.795703125 0.5979166666666667 0.046875 0.14895833333333333
3 0.314453125 0.646875 0.0578125 0.15104166666666666
3 0.98515625 0.715625 0.0296875 0.17916666666666667
3 0.826953125 0.5192708333333333 0.03359375 0.128125
3 0.587890625 0.5807291666666666 0.04609375 0.13541666666666666
3 0.93984375 0.5942708333333333 0.0359375 0.1375
3 0.908984375 0.51875 0.0328125 0.12291666666666666
3 0.826953125 0.9364583333333333 0.06328125 0.12604166666666666
3 0.699609375 0.428125 0.0328125 0.090625
3 0.494140625 0.6739583333333333 0.053125 0.12291666666666666
3 0.8625 0.5557291666666667 0.034375 0.121875
3 0.779296875 0.43802083333333336 0.028125 0.11458333333333333
3 0.051953125 0.44947916666666665 0.0359375 0.084375
2 0.193359375 0.584375 0.13125 0.16666666666666666
3 0.862109375 0.48541666666666666 0.03515625 0.12083333333333333
3 0.810546875 0.4557291666666667 0.0265625 0.09791666666666667
3 0.9921875 0.41822916666666665 0.015625 0.09895833333333333