2 0.294140625 0.7682291666666666 0.20234375 0.22708333333333333
2 0.058984375 0.8958333333333334 0.11796875 0.20729166666666668
2 0.198046875 0.5182291666666666 0.121875 0.13020833333333334
2 0.8203125 0.5395833333333333 0.10859375 0.14895833333333333
2 0.731640625 0.3880208333333333 0.08515625 0.08541666666666667
1 0.86640625 0.29010416666666666 0.08359375 0.115625
3 0.463671875 0.771875 0.0625 0.18333333333333332
3 0.175 0.6692708333333334 0.0625 0.16041666666666668
3 0.645703125 0.6260416666666667 0.03984375 0.146875
3 0.114453125 0.6088541666666667 0.03984375 0.13229166666666667
3 0.381640625 0.9583333333333334 0.10078125 0.08229166666666667
3 0.30859375 0.5692708333333333 0.04296875 0.121875
3 0.6734375 0.3515625 0.02578125 0.07083333333333333
2 0.83671875 0.3567708333333333 0.05078125 0.06979166666666667
3 0.09140625 0.4390625 0.03671875 0.07916666666666666
3 0.881640625 0.3984375 0.02734375 0.08125
3 0.939453125 0.3546875 0.0234375 0.08020833333333334
3 0.911328125 0.3515625 0.02109375 0.07291666666666667
2 0.01328125 0.43333333333333335 0.0265625 0.08958333333333333