2 0.151171875 0.9385416666666667 0.30234375 0.12291666666666666
2 0.176171875 0.4578125 0.13515625 0.11875
2 0.07265625 0.5739583333333333 0.1453125 0.16041666666666668
3 0.808203125 0.475 0.0796875 0.1125
3 0.723046875 0.9041666666666667 0.0625 0.18958333333333333
3 0.94296875 0.9192708333333334 0.05859375 0.16145833333333334
3 0.61953125 0.88125 0.07109375 0.23020833333333332
3 0.988671875 0.5791666666666667 0.02265625 0.14583333333333334
3 0.3796875 0.3953125 0.05625 0.08333333333333333
3 0.86953125 0.8572916666666667 0.06328125 0.21979166666666666
3 0.9421875 0.4479166666666667 0.04140625 0.11354166666666667
3 0.1109375 0.8692708333333333 0.0640625 0.134375
3 0.872265625 0.428125 0.03828125 0.1125
3 0.833203125 0.9333333333333333 0.07265625 0.13333333333333333
3 0.300390625 0.42916666666666664 0.03359375 0.090625
3 0.07421875 0.8364583333333333 0.07734375 0.14583333333333334
3 0.559765625 0.3734375 0.05390625 0.06770833333333333
3 0.662890625 0.3645833333333333 0.04453125 0.07291666666666667
2 0.380859375 0.9755208333333333 0.33125 0.04791666666666667
3 0.023828125 0.6567708333333333 0.04765625 0.14791666666666667
2 0.5546875 0.31614583333333335 0.05234375 0.06041666666666667