2 0.570703125 0.5359375 0.19453125 0.20833333333333334
2 0.166015625 0.46822916666666664 0.12421875 0.125
2 0.048046875 0.4375 0.09453125 0.09479166666666666
3 0.1 0.828125 0.08203125 0.19479166666666667
3 0.144140625 0.5947916666666667 0.05859375 0.13645833333333332
3 0.698046875 0.7552083333333334 0.05078125 0.18854166666666666
3 0.8609375 0.8166666666666667 0.05703125 0.21770833333333334
3 0.334765625 0.49166666666666664 0.04375 0.103125
3 0.934375 0.39114583333333336 0.059375 0.09791666666666667
3 0.379296875 0.459375 0.0390625 0.10729166666666666
3 0.273828125 0.453125 0.03359375 0.09479166666666666
3 0.862109375 0.4453125 0.03359375 0.11458333333333333
3 0.7875 0.39791666666666664 0.03203125 0.096875