1 0.10546875 0.41354166666666664 0.2109375 0.18020833333333333
2 0.593359375 0.4984375 0.25234375 0.16354166666666667
3 0.826953125 0.5583333333333333 0.1234375 0.1375
2 0.695703125 0.34270833333333334 0.20546875 0.12083333333333333
3 0.208203125 0.625 0.10078125 0.13645833333333332
3 0.863671875 0.4583333333333333 0.06796875 0.10729166666666666
3 0.115625 0.7229166666666667 0.13046875 0.15520833333333334
3 0.133984375 0.5317708333333333 0.08046875 0.12708333333333333
3 0.223828125 0.8520833333333333 0.06640625 0.15625
3 0.427734375 0.5026041666666666 0.06953125 0.128125
3 0.280859375 0.5510416666666667 0.0625 0.09270833333333334
3 0.928125 0.7010416666666667 0.053125 0.16041666666666668
3 0.34453125 0.5057291666666667 0.06640625 0.10833333333333334
3 0.94375 0.4046875 0.06953125 0.10104166666666667
3 0.293359375 0.8598958333333333 0.06953125 0.15104166666666666
3 0.95703125 0.9369791666666667 0.06328125 0.12395833333333334
3 0.933203125 0.8494791666666667 0.059375 0.159375
3 0.315625 0.5244791666666667 0.06953125 0.11041666666666666
1 0.5671875 0.8822916666666667 0.56796875 0.23541666666666666
2 0.45625 0.3692708333333333 0.12109375 0.08125
3 0.401953125 0.8635416666666667 0.09609375 0.15208333333333332
3 0.27578125 0.9317708333333333 0.065625 0.13645833333333332
3 0.102734375 0.8911458333333333 0.20390625 0.21770833333333334