2 0.137890625 0.9 0.27421875 0.2
2 0.88671875 0.45 0.0859375 0.11145833333333334
2 0.648828125 0.41458333333333336 0.10703125 0.0875
2 0.60390625 0.5348958333333333 0.1421875 0.159375
3 0.758203125 0.7635416666666667 0.0546875 0.20520833333333333
3 0.70078125 0.6661458333333333 0.05234375 0.184375
3 0.42734375 0.3890625 0.05234375 0.07395833333333333
3 0.85234375 0.8510416666666667 0.06640625 0.20833333333333334
2 0.753125 0.35 0.05546875 0.06979166666666667
3 0.76328125 0.6104166666666667 0.04609375 0.165625
3 0.095703125 0.6130208333333333 0.05859375 0.15104166666666666
2 0.390234375 0.6723958333333333 0.24765625 0.22083333333333333
3 0.882421875 0.6427083333333333 0.05078125 0.16770833333333332
3 0.315234375 0.5052083333333334 0.05 0.11145833333333334
2 0.831640625 0.31197916666666664 0.03828125 0.06145833333333333
3 0.026953125 0.4703125 0.02578125 0.06770833333333333
3 0.632421875 0.45677083333333335 0.03671875 0.09166666666666666
3 0.554296875 0.36770833333333336 0.04140625 0.07604166666666666
3 0.897265625 0.33125 0.02421875 0.06666666666666667