1 0.858984375 0.296875 0.09296875 0.13333333333333333
2 0.108203125 0.8359375 0.2140625 0.24895833333333334
2 0.74453125 0.5364583333333334 0.15 0.20625
2 0.184765625 0.625 0.134375 0.15729166666666666
2 0.1734375 0.4901041666666667 0.1015625 0.109375
2 0.414453125 0.49895833333333334 0.13828125 0.14270833333333333
2 0.8140625 0.37135416666666665 0.065625 0.08229166666666667
3 0.2765625 0.7697916666666667 0.06953125 0.20208333333333334
3 0.79375 0.7739583333333333 0.05703125 0.18958333333333333
3 0.4984375 0.7973958333333333 0.09140625 0.2125
2 0.040625 0.409375 0.08046875 0.08645833333333333
3 0.48671875 0.4322916666666667 0.065625 0.09791666666666667
3 0.915625 0.4140625 0.034375 0.09479166666666666
3 0.194140625 0.4203125 0.028125 0.07395833333333333
3 0.569921875 0.3854166666666667 0.0296875 0.08020833333333334
3 0.5984375 0.3802083333333333 0.02578125 0.08125
3 0.131640625 0.40625 0.0296875 0.07916666666666666
2 0.7546875 0.328125 0.05 0.065625