1 0.798828125 0.44114583333333335 0.17890625 0.32916666666666666
2 0.23125 0.9140625 0.34140625 0.171875
2 0.155078125 0.565625 0.1234375 0.20208333333333334
2 0.053125 0.4401041666666667 0.10390625 0.08854166666666667
2 0.60078125 0.4984375 0.1421875 0.128125
3 0.240625 0.7010416666666667 0.06171875 0.175
3 0.45 0.5234375 0.06796875 0.10833333333333334
3 0.98203125 0.9140625 0.0359375 0.17083333333333334
3 0.42109375 0.60625 0.05 0.134375
3 0.0921875 0.9109375 0.1 0.178125
3 0.3140625 0.5885416666666666 0.0453125 0.13854166666666667
3 0.229296875 0.4515625 0.0359375 0.09166666666666666
3 0.169921875 0.46041666666666664 0.0375 0.1
2 0.0296875 0.925 0.05859375 0.15
3 0.976953125 0.5421875 0.034375 0.121875
3 0.2671875 0.42552083333333335 0.0375 0.08958333333333333
3 0.348828125 0.428125 0.0390625 0.0875
3 0.965234375 0.4786458333333333 0.02890625 0.10625
3 0.9546875 0.43802083333333336 0.0296875 0.09791666666666667
3 0.9 0.39479166666666665 0.02890625 0.08854166666666667