2 0.051953125 0.5494791666666666 0.10390625 0.15416666666666667
2 0.4484375 0.9489583333333333 0.29765625 0.10208333333333333
2 0.1015625 0.48020833333333335 0.10625 0.09895833333333333
2 0.163671875 0.946875 0.30703125 0.10416666666666667
2 0.18046875 0.521875 0.1578125 0.14166666666666666
2 0.96171875 0.42135416666666664 0.07578125 0.13125
2 0.757421875 0.3953125 0.11875 0.11041666666666666
3 0.832421875 0.9041666666666667 0.07109375 0.19166666666666668
2 0.340234375 0.39739583333333334 0.10703125 0.0875
3 0.529296875 0.7635416666666667 0.06875 0.19895833333333332
3 0.16640625 0.8453125 0.1015625 0.14375
3 0.68203125 0.8479166666666667 0.0609375 0.215625
3 0.050390625 0.8598958333333333 0.0796875 0.16145833333333334
3 0.749609375 0.7947916666666667 0.05546875 0.19166666666666668
3 0.312890625 0.6171875 0.04765625 0.13541666666666666
3 0.233203125 0.45260416666666664 0.0515625 0.08020833333333334
3 0.403125 0.4390625 0.028125 0.09583333333333334
2 0.61953125 0.3104166666666667 0.04609375 0.071875
2 0.453125 0.35833333333333334 0.05703125 0.06666666666666667