1 0.82265625 0.28854166666666664 0.11328125 0.13333333333333333
1 0.568359375 0.8822916666666667 0.56796875 0.23541666666666666
2 0.44375 0.3697916666666667 0.11171875 0.08645833333333333
2 0.1609375 0.4244791666666667 0.2 0.103125
3 0.382421875 0.40729166666666666 0.07578125 0.09895833333333333
3 0.927734375 0.6973958333333333 0.05234375 0.16875
3 0.227734375 0.8515625 0.059375 0.159375
3 0.955078125 0.9364583333333333 0.059375 0.125
3 0.29296875 0.8578125 0.065625 0.159375
3 0.9328125 0.8479166666666667 0.0609375 0.159375
3 0.39296875 0.859375 0.07421875 0.15208333333333332
3 0.274609375 0.9328125 0.06171875 0.134375
3 0.100390625 0.9036458333333334 0.19921875 0.19270833333333334