2 0.112890625 0.7260416666666667 0.22421875 0.29270833333333335
2 0.465625 0.6739583333333333 0.2171875 0.20416666666666666
1 0.75234375 0.5989583333333334 0.2703125 0.5635416666666667
2 0.155859375 0.4875 0.10703125 0.10729166666666666
3 0.44140625 0.778125 0.07890625 0.19479166666666667
3 0.254296875 0.5880208333333333 0.0859375 0.140625
3 0.09453125 0.9291666666666667 0.1015625 0.14166666666666666
3 0.20625 0.8171875 0.0875 0.18541666666666667
3 0.312890625 0.5291666666666667 0.0421875 0.11875
3 0.378515625 0.5291666666666667 0.0453125 0.125
3 0.231640625 0.4479166666666667 0.04375 0.08958333333333333
3 0.948046875 0.49895833333333334 0.0375 0.13020833333333334
3 0.2703125 0.4583333333333333 0.03125 0.10104166666666667
3 0.841796875 0.9380208333333333 0.07890625 0.12291666666666666
3 0.976953125 0.5703125 0.03359375 0.13125
3 0.01484375 0.5119791666666667 0.0296875 0.09791666666666667
3 0.60390625 0.4822916666666667 0.0546875 0.08333333333333333
3 0.48515625 0.4744791666666667 0.04609375 0.09583333333333334
1 0.485546875 0.9427083333333334 0.5484375 0.1125
3 0.673046875 0.36666666666666664 0.02734375 0.075
3 0.98828125 0.6463541666666667 0.0234375 0.16041666666666668
3 0.589453125 0.4630208333333333 0.03828125 0.084375
3 0.8953125 0.3880208333333333 0.028125 0.090625