2 0.694140625 0.6421875 0.196875 0.23020833333333332
2 0.528125 0.9380208333333333 0.2796875 0.12291666666666666
2 0.280078125 0.5098958333333333 0.12890625 0.14270833333333333
2 0.79609375 0.49270833333333336 0.1046875 0.12291666666666666
2 0.347265625 0.6432291666666666 0.15078125 0.234375
2 0.123828125 0.44479166666666664 0.1140625 0.11458333333333333
2 0.86171875 0.3572916666666667 0.0734375 0.10208333333333333
2 0.663671875 0.3859375 0.07890625 0.10833333333333334
3 0.12578125 0.6182291666666667 0.090625 0.14166666666666666
3 0.24296875 0.9052083333333333 0.09296875 0.18958333333333333
2 0.71875 0.3546875 0.05546875 0.07083333333333333
1 0.8375 0.28958333333333336 0.078125 0.14375
3 0.951953125 0.36041666666666666 0.02421875 0.078125
2 0.76015625 0.3015625 0.04609375 0.06145833333333333
3 0.978125 0.346875 0.02265625 0.07395833333333333
3 0.01953125 0.41041666666666665 0.0375 0.071875
2 0.0984375 0.9130208333333333 0.1953125 0.17395833333333333