1 0.56796875 0.8822916666666667 0.56875 0.23541666666666666
2 0.28671875 0.40625 0.19921875 0.10520833333333333
1 0.82890625 0.2791666666666667 0.07890625 0.12291666666666666
3 0.22734375 0.8505208333333333 0.06171875 0.16145833333333334
3 0.92890625 0.6963541666666667 0.0515625 0.17395833333333333
3 0.957421875 0.9364583333333333 0.0640625 0.125
3 0.166015625 0.41302083333333334 0.0484375 0.07291666666666667
3 0.292578125 0.8578125 0.0640625 0.15833333333333333
3 0.933984375 0.8479166666666667 0.059375 0.159375
2 0.571484375 0.3515625 0.109375 0.07291666666666667
3 0.39296875 0.8604166666666667 0.07578125 0.15208333333333332
3 0.27578125 0.9328125 0.0625 0.134375
3 0.099609375 0.9036458333333334 0.196875 0.19270833333333334
3 0.548828125 0.36875 0.05546875 0.06979166666666667