2 0.4109375 0.9239583333333333 0.36796875 0.15208333333333332
2 0.21328125 0.5786458333333333 0.284375 0.16458333333333333
2 0.4421875 0.6807291666666667 0.19296875 0.19479166666666667
3 0.24453125 0.7 0.078125 0.16458333333333333
3 0.802734375 0.5567708333333333 0.04296875 0.15
3 0.155859375 0.6895833333333333 0.05859375 0.16145833333333334
3 0.567578125 0.671875 0.06484375 0.165625
3 0.08515625 0.7125 0.05234375 0.16145833333333334
3 0.752734375 0.5979166666666667 0.0375 0.15
3 0.853125 0.6151041666666667 0.040625 0.16458333333333333
3 0.784765625 0.85 0.0625 0.159375
3 0.463671875 0.5421875 0.06171875 0.11666666666666667
3 0.890625 0.875 0.06328125 0.20416666666666666
2 0.768359375 0.2984375 0.05703125 0.058333333333333334
3 0.792578125 0.7197916666666667 0.05703125 0.15729166666666666
3 0.659765625 0.928125 0.08203125 0.14375
3 0.93984375 0.6317708333333333 0.04296875 0.16458333333333333
3 0.79765625 0.9515625 0.0890625 0.09583333333333334
3 0.644921875 0.5651041666666666 0.03984375 0.13958333333333334
3 0.983984375 0.4630208333333333 0.03203125 0.11458333333333333
3 0.890234375 0.3984375 0.025 0.08854166666666667
3 0.736328125 0.5015625 0.034375 0.12395833333333334
3 0.940234375 0.38958333333333334 0.03046875 0.1
3 0.7640625 0.4010416666666667 0.034375 0.09375
3 0.8359375 0.36875 0.02734375 0.08125
3 0.0421875 0.7692708333333333 0.0734375 0.17291666666666666