1 0.1746875 0.7095833333333333 0.3475 0.5741666666666667
2 0.656875 0.76625 0.226875 0.2575
3 0.60875 0.4504166666666667 0.093125 0.10916666666666666
3 0.4596875 0.6679166666666667 0.064375 0.19583333333333333
3 0.8371875 0.7129166666666666 0.06625 0.2025
3 0.3590625 0.5545833333333333 0.06 0.19333333333333333
3 0.7446875 0.3883333333333333 0.050625 0.10166666666666667
3 0.8878125 0.6266666666666667 0.05375 0.16833333333333333
3 0.354375 0.41541666666666666 0.084375 0.0925
2 0.621875 0.37375 0.175625 0.13166666666666665
3 0.4884375 0.36666666666666664 0.0675 0.08
3 0.1521875 0.4141666666666667 0.06625 0.08166666666666667
3 0.131875 0.35208333333333336 0.07 0.095
3 0.419375 0.3983333333333333 0.03875 0.1
3 0.3234375 0.3879166666666667 0.0575 0.0825