2 0.486875 0.4225 0.128125 0.13666666666666666
2 0.8621875 0.8604166666666667 0.27375 0.2791666666666667
3 0.3671875 0.5 0.065625 0.13166666666666665
3 0.3728125 0.6820833333333334 0.073125 0.21416666666666667
3 0.2875 0.43583333333333335 0.08 0.10666666666666667
3 0.7225 0.5033333333333333 0.0525 0.14416666666666667
3 0.4046875 0.6075 0.063125 0.16916666666666666
3 0.7803125 0.65875 0.051875 0.15333333333333332
1 0.7040625 0.3329166666666667 0.293125 0.2991666666666667
2 0.110625 0.3908333333333333 0.22125 0.19666666666666666
3 0.39125 0.41041666666666665 0.05875 0.095
3 0.964375 0.74375 0.070625 0.1875
3 0.5034375 0.33166666666666667 0.060625 0.08916666666666667
2 0.156875 0.3925 0.138125 0.16666666666666666
3 0.0115625 0.46541666666666665 0.023125 0.14
3 0.7703125 0.5445833333333333 0.05 0.14583333333333334
3 0.7578125 0.5758333333333333 0.058125 0.09083333333333334