2 0.73875 0.8616666666666667 0.32875 0.27416666666666667
2 0.1696875 0.7225 0.185 0.2758333333333333
3 0.976875 0.8454166666666667 0.04625 0.25583333333333336
3 0.89 0.7695833333333333 0.05875 0.225
2 0.03 0.5091666666666667 0.06 0.18416666666666667
3 0.6840625 0.6333333333333333 0.056875 0.1825
3 0.4403125 0.3745833333333333 0.04875 0.13166666666666665
3 0.80375 0.7008333333333333 0.073125 0.18333333333333332
3 0.29375 0.4475 0.04375 0.13583333333333333
3 0.7171875 0.4866666666666667 0.0525 0.14583333333333334
3 0.3759375 0.3879166666666667 0.04375 0.13583333333333333
3 0.2115625 0.4216666666666667 0.045 0.13
3 0.3159375 0.37416666666666665 0.035625 0.1125
3 0.9409375 0.6879166666666666 0.051875 0.19416666666666665
3 0.8121875 0.5704166666666667 0.048125 0.13833333333333334
3 0.779375 0.62125 0.04625 0.135
3 0.0803125 0.35041666666666665 0.035 0.09666666666666666