2 0.178125 0.89375 0.251875 0.2125
3 0.5525 0.82375 0.0775 0.23833333333333334
3 0.3653125 0.795 0.061875 0.21666666666666667
3 0.6840625 0.775 0.063125 0.2275
3 0.4409375 0.80625 0.06375 0.2375
3 0.7725 0.8625 0.079375 0.235
3 0.6290625 0.6641666666666667 0.06 0.205
3 0.4834375 0.71875 0.055625 0.20583333333333334
3 0.74875 0.6920833333333334 0.075625 0.18666666666666668
3 0.7221875 0.5054166666666666 0.0625 0.155
3 0.355625 0.68125 0.0675 0.19583333333333333
3 0.494375 0.6308333333333334 0.05875 0.16666666666666666
2 0.3196875 0.4008333333333333 0.251875 0.135