2 0.175625 0.89375 0.258125 0.2125
3 0.550625 0.8270833333333333 0.07625 0.23333333333333334
3 0.365 0.795 0.061875 0.21333333333333335
3 0.6825 0.7770833333333333 0.06625 0.2225
3 0.7721875 0.8633333333333333 0.078125 0.23083333333333333
3 0.4421875 0.79375 0.060625 0.23833333333333334
3 0.6290625 0.66375 0.05875 0.205
3 0.0215625 0.8675 0.043125 0.24416666666666667
3 0.748125 0.695 0.06875 0.1725
3 0.485 0.72125 0.051875 0.20416666666666666
3 0.3553125 0.68125 0.066875 0.2025
3 0.7975 0.6283333333333333 0.068125 0.17666666666666667
3 0.494375 0.6308333333333334 0.060625 0.17166666666666666