2 0.653125 0.8533333333333334 0.331875 0.29333333333333333
2 0.895 0.8183333333333334 0.21 0.3625
2 0.1946875 0.6025 0.165 0.21666666666666667
3 0.678125 0.6345833333333334 0.0725 0.19916666666666666
3 0.77625 0.6691666666666667 0.071875 0.19333333333333333
3 0.1590625 0.41541666666666666 0.04125 0.12083333333333333
3 0.37875 0.38375 0.044375 0.13
3 0.8925 0.6166666666666667 0.0575 0.14916666666666667
3 0.2375 0.38458333333333333 0.041875 0.11583333333333333
3 0.819375 0.6179166666666667 0.0525 0.14333333333333334
3 0.284375 0.3416666666666667 0.035 0.10583333333333333
2 0.2196875 0.9741666666666666 0.294375 0.050833333333333335