2 0.0496875 0.4504166666666667 0.099375 0.13666666666666666
2 0.888125 0.88875 0.22375 0.22083333333333333
2 0.17875 0.5679166666666666 0.14875 0.20583333333333334
3 0.708125 0.7016666666666667 0.076875 0.22333333333333333
2 0.541875 0.5941666666666666 0.16625 0.20333333333333334
3 0.3646875 0.7383333333333333 0.079375 0.24166666666666667
3 0.824375 0.6170833333333333 0.099375 0.21
3 0.63125 0.44125 0.04 0.13916666666666666
3 0.6775 0.49666666666666665 0.0375 0.13916666666666666
3 0.368125 0.5816666666666667 0.055 0.16916666666666666
3 0.35375 0.4575 0.045 0.13333333333333333
3 0.3090625 0.4116666666666667 0.0325 0.11583333333333333
3 0.7103125 0.5525 0.0475 0.15
2 0.351875 0.9629166666666666 0.28875 0.07333333333333333
3 0.23125 0.39666666666666667 0.0375 0.11333333333333333
3 0.7221875 0.45458333333333334 0.04125 0.13583333333333333