2 0.831875 0.7983333333333333 0.335 0.4
3 0.0421875 0.43375 0.08375 0.12166666666666667
3 0.5496875 0.6529166666666667 0.07 0.2175
3 0.3275 0.4429166666666667 0.1 0.11166666666666666
3 0.3909375 0.6533333333333333 0.0625 0.19166666666666668
3 0.2796875 0.9154166666666667 0.11375 0.16916666666666666
3 0.698125 0.44916666666666666 0.140625 0.16666666666666666
3 0.199375 0.43166666666666664 0.088125 0.11
3 0.2515625 0.39875 0.070625 0.09333333333333334
3 0.301875 0.68125 0.070625 0.20833333333333334
3 0.476875 0.3745833333333333 0.08 0.1