2 0.9125 0.8635416666666667 0.175 0.2708333333333333
2 0.50234375 0.8083333333333333 0.1765625 0.22708333333333333
3 0.6703125 0.7416666666666667 0.05625 0.17083333333333334
3 0.80390625 0.49270833333333336 0.0640625 0.08958333333333333
0 0.46640625 0.525 0.0421875 0.10416666666666667
2 0.0375 0.8010416666666667 0.075 0.20625
2 0.15078125 0.665625 0.190625 0.2
3 0.58828125 0.640625 0.0421875 0.13333333333333333
3 0.6375 0.5854166666666667 0.0375 0.12083333333333333
3 0.8640625 0.5104166666666666 0.0640625 0.07916666666666666
3 0.72109375 0.4822916666666667 0.0515625 0.07291666666666667
2 0.28125 0.5145833333333333 0.1453125 0.09166666666666666
2 0.09609375 0.4947916666666667 0.1015625 0.07083333333333333
3 0.6984375 0.5729166666666666 0.0453125 0.13333333333333333