2 0.47890625 0.8041666666666667 0.1859375 0.21666666666666667
2 0.5109375 0.5645833333333333 0.1890625 0.125
3 0.5046875 0.8822916666666667 0.128125 0.18333333333333332
2 0.915625 0.8635416666666667 0.16875 0.2375
2 0.228125 0.690625 0.18125 0.17708333333333334
3 0.3890625 0.6333333333333333 0.0578125 0.12291666666666666
3 0.69453125 0.8104166666666667 0.05625 0.175
3 0.6046875 0.5947916666666667 0.05625 0.10625
3 0.64765625 0.934375 0.0734375 0.13125
3 0.75625 0.9177083333333333 0.0609375 0.16458333333333333
3 0.59296875 0.828125 0.053125 0.18125
3 0.62578125 0.759375 0.0453125 0.17083333333333334
3 0.78671875 0.85625 0.0546875 0.16875
3 0.8015625 0.46145833333333336 0.065625 0.08125
3 0.72890625 0.7520833333333333 0.0453125 0.16666666666666666
3 0.79453125 0.7354166666666667 0.0609375 0.17083333333333334
3 0.51875 0.6645833333333333 0.0515625 0.14791666666666667
2 0.37890625 0.9739583333333334 0.284375 0.05
3 0.42421875 0.7104166666666667 0.053125 0.14375
3 0.14765625 0.9770833333333333 0.0765625 0.04583333333333333
3 0.471875 0.6625 0.0375 0.12708333333333333