1 0.3484375 0.44583333333333336 0.328125 0.15208333333333332
2 0.47734375 0.8052083333333333 0.1859375 0.21666666666666667
2 0.915625 0.8645833333333334 0.16875 0.23958333333333334
3 0.24921875 0.9177083333333333 0.0875 0.16458333333333333
3 0.70234375 0.8416666666666667 0.05625 0.17291666666666666
3 0.50625 0.8791666666666667 0.125 0.18333333333333332
3 0.75390625 0.9145833333333333 0.065625 0.17083333333333334
3 0.59296875 0.8291666666666667 0.053125 0.17708333333333334
3 0.625 0.7604166666666666 0.046875 0.16041666666666668
2 0.6078125 0.5427083333333333 0.1796875 0.12291666666666666
2 0.04453125 0.9197916666666667 0.0890625 0.16041666666666668
3 0.78671875 0.8541666666666666 0.0546875 0.17083333333333334
3 0.63359375 0.9614583333333333 0.078125 0.07708333333333334
3 0.79453125 0.7364583333333333 0.0640625 0.17291666666666666
3 0.7265625 0.746875 0.0453125 0.14375
3 0.51875 0.446875 0.0375 0.08333333333333333
2 0.37578125 0.975 0.2953125 0.04791666666666667
3 0.4625 0.6739583333333333 0.046875 0.13125
3 0.81328125 0.534375 0.078125 0.09166666666666666
2 0.86171875 0.503125 0.175 0.10208333333333333