1 0.30234375 0.85625 0.5984375 0.2875
2 0.30859375 0.49166666666666664 0.1421875 0.07916666666666666
2 0.9125 0.8583333333333333 0.175 0.26458333333333334
3 0.28515625 0.5572916666666666 0.078125 0.1
2 0.03984375 0.8020833333333334 0.0796875 0.19375
2 0.7578125 0.48020833333333335 0.1609375 0.11041666666666666
3 0.8015625 0.7260416666666667 0.0546875 0.16458333333333333
3 0.73125 0.7447916666666666 0.059375 0.15833333333333333
2 0.55 0.5135416666666667 0.16875 0.10625
2 0.58359375 0.8208333333333333 0.140625 0.21041666666666667
2 0.1125 0.515625 0.1296875 0.08125
3 0.62578125 0.4583333333333333 0.04375 0.09375
3 0.44921875 0.46979166666666666 0.0515625 0.07291666666666667
3 0.23203125 0.471875 0.046875 0.0625
3 0.709375 0.4239583333333333 0.0546875 0.06875