2 0.58515625 0.58125 0.103125 0.12083333333333333
2 0.40625 0.9375 0.28125 0.125
2 0.9203125 0.8177083333333334 0.15625 0.2
2 0.8796875 0.6510416666666666 0.15625 0.18333333333333332
3 0.63359375 0.6604166666666667 0.040625 0.14166666666666666
3 0.7390625 0.671875 0.0328125 0.14791666666666667
3 0.44140625 0.7302083333333333 0.05625 0.1625
3 0.70703125 0.6458333333333334 0.0296875 0.12916666666666668
2 0.0296875 0.8197916666666667 0.059375 0.19583333333333333
3 0.6765625 0.5697916666666667 0.0296875 0.12083333333333333
3 0.703125 0.9385416666666667 0.065625 0.12291666666666666
3 0.2828125 0.7395833333333334 0.05625 0.16041666666666668
3 0.446875 0.5010416666666667 0.0390625 0.1
3 0.73515625 0.5572916666666666 0.028125 0.10625
3 0.725 0.509375 0.028125 0.08125