2 0.91328125 0.8635416666666667 0.1734375 0.26875
2 0.3328125 0.6927083333333334 0.2390625 0.22291666666666668
2 0.4875 0.8864583333333333 0.2 0.225
2 0.54453125 0.6989583333333333 0.1328125 0.175
3 0.43828125 0.7458333333333333 0.053125 0.14375
2 0.69921875 0.846875 0.1609375 0.20833333333333334
3 0.6 0.9333333333333333 0.0578125 0.13333333333333333
3 0.5375 0.5729166666666666 0.05625 0.1
3 0.734375 0.54375 0.0453125 0.11458333333333333
2 0.0359375 0.8 0.071875 0.21458333333333332
3 0.69609375 0.9458333333333333 0.05625 0.10625
2 0.15625 0.6541666666666667 0.1796875 0.20625
3 0.759375 0.9614583333333333 0.071875 0.075
3 0.3578125 0.490625 0.0578125 0.07708333333333334