1 0.76015625 0.4947916666666667 0.1328125 0.26458333333333334
2 0.9125 0.8635416666666667 0.175 0.27291666666666664
3 0.68515625 0.9135416666666667 0.0671875 0.17291666666666666
3 0.86953125 0.6229166666666667 0.0453125 0.14583333333333334
3 0.47734375 0.9166666666666666 0.0625 0.16458333333333333
3 0.5296875 0.684375 0.0390625 0.16041666666666668
3 0.26484375 0.8447916666666667 0.0609375 0.19166666666666668
2 0.03828125 0.8010416666666667 0.0765625 0.2
3 0.5609375 0.925 0.0703125 0.15
3 0.57421875 0.7177083333333333 0.05 0.16875
3 0.0484375 0.86875 0.0640625 0.18125
3 0.40703125 0.8177083333333334 0.0515625 0.17916666666666667
3 0.64296875 0.6364583333333333 0.0375 0.125
3 0.1640625 0.83125 0.0640625 0.19375
3 0.353125 0.5854166666666667 0.040625 0.11875
3 0.6515625 0.7229166666666667 0.0390625 0.14375
3 0.44375 0.6416666666666667 0.0453125 0.125
3 0.27109375 0.6395833333333333 0.040625 0.11875
2 0.43359375 0.5020833333333333 0.15 0.08958333333333333
3 0.6625 0.5010416666666667 0.0328125 0.09791666666666667
3 0.58828125 0.5427083333333333 0.0375 0.1125
3 0.34375 0.9739583333333334 0.06875 0.052083333333333336