1 0.30078125 0.85625 0.6015625 0.2875
2 0.9125 0.85625 0.175 0.2625
2 0.03984375 0.8010416666666667 0.0796875 0.19166666666666668
3 0.61484375 0.546875 0.0890625 0.11875
2 0.2453125 0.5041666666666667 0.1453125 0.09375
3 0.73046875 0.7427083333333333 0.0578125 0.16458333333333333
2 0.540625 0.5072916666666667 0.1875 0.11041666666666666
2 0.6359375 0.46770833333333334 0.128125 0.10208333333333333
3 0.803125 0.721875 0.053125 0.175
2 0.58203125 0.8197916666666667 0.14375 0.21041666666666667
2 0.63828125 0.38958333333333334 0.0640625 0.08125
2 0.5375 0.3802083333333333 0.0578125 0.07708333333333334
3 0.50234375 0.42291666666666666 0.0453125 0.06458333333333334