2 0.475 0.84375 0.1875 0.22708333333333333
2 0.91171875 0.8572916666666667 0.1765625 0.25833333333333336
3 0.34296875 0.9239583333333333 0.0796875 0.15208333333333332
3 0.6015625 0.846875 0.059375 0.18958333333333333
3 0.765625 0.7489583333333333 0.059375 0.18125
2 0.0390625 0.80625 0.078125 0.18541666666666667
3 0.2625 0.5760416666666667 0.0484375 0.1125
2 0.68359375 0.4864583333333333 0.1796875 0.10833333333333334
3 0.64296875 0.75625 0.0546875 0.16458333333333333
3 0.4328125 0.47708333333333336 0.0578125 0.07916666666666666
2 0.13125 0.5125 0.128125 0.08541666666666667