2 0.415625 0.8208333333333333 0.2765625 0.35625
3 0.3828125 0.534375 0.0765625 0.11458333333333333
3 0.20078125 0.55625 0.065625 0.12083333333333333
3 0.63828125 0.8479166666666667 0.06875 0.21458333333333332
2 0.22109375 0.7354166666666667 0.221875 0.23541666666666666
2 0.60546875 0.4739583333333333 0.2 0.12291666666666666
3 0.51328125 0.42916666666666664 0.071875 0.07916666666666666
2 0.6796875 0.3645833333333333 0.121875 0.075
3 0.7671875 0.390625 0.0515625 0.07708333333333334
3 0.41953125 0.4114583333333333 0.065625 0.07291666666666667
3 0.2859375 0.41458333333333336 0.0640625 0.06458333333333334
3 0.6359375 0.4 0.0359375 0.06666666666666667