1 0.765 0.7125 0.47 0.5616666666666666
3 0.3725 0.37583333333333335 0.0875 0.11333333333333333
2 0.314375 0.7441666666666666 0.1825 0.2683333333333333
3 0.45875 0.36 0.07875 0.11166666666666666
3 0.085 0.8275 0.0825 0.27
3 0.7975 0.3925 0.08875 0.10833333333333334
2 0.8375 0.3308333333333333 0.20625 0.11166666666666666
3 0.26625 0.4 0.0825 0.10666666666666667
3 0.560625 0.37 0.07625 0.1
3 0.204375 0.37166666666666665 0.07875 0.11166666666666666
3 0.484375 0.7766666666666666 0.0675 0.22333333333333333
2 0.410625 0.19416666666666665 0.06 0.06
2 0.181875 0.3475 0.20125 0.1
3 0.256875 0.4683333333333333 0.055 0.14833333333333334
3 0.6225 0.24583333333333332 0.05 0.06
2 0.966875 0.30583333333333335 0.06625 0.095
3 0.393125 0.9416666666666667 0.07625 0.11666666666666667
3 0.6 0.4025 0.095 0.10333333333333333
3 0.470625 0.6683333333333333 0.06375 0.17
3 0.56625 0.22083333333333333 0.035 0.065
3 0.4275 0.8741666666666666 0.065 0.245
3 0.48 0.21166666666666667 0.03125 0.06833333333333333
3 0.500625 0.9508333333333333 0.09125 0.09666666666666666
3 0.5025 0.2025 0.02375 0.065
2 0.431875 0.3016666666666667 0.14875 0.095