2 0.873125 0.86 0.25 0.28
2 0.46 0.5233333333333333 0.1775 0.305
2 0.589375 0.4266666666666667 0.12375 0.12666666666666668
2 0.708125 0.5716666666666667 0.1775 0.19
2 0.401875 0.3258333333333333 0.0925 0.11166666666666666
3 0.841875 0.5633333333333334 0.05375 0.175
3 0.828125 0.4166666666666667 0.0425 0.11666666666666667
3 0.753125 0.4508333333333333 0.04375 0.13333333333333333
3 0.14 0.5958333333333333 0.045 0.17333333333333334
3 0.9125 0.43833333333333335 0.045 0.13166666666666665
3 0.68 0.35833333333333334 0.02625 0.10833333333333334
2 0.35875 0.24083333333333334 0.055 0.06333333333333334
3 0.874375 0.5133333333333333 0.0475 0.16166666666666665
3 0.794375 0.25833333333333336 0.0475 0.07
3 0.755 0.365 0.035 0.12666666666666668
3 0.88625 0.3908333333333333 0.03875 0.09833333333333333
3 0.36625 0.41583333333333333 0.035 0.13166666666666665
3 0.505625 0.29333333333333333 0.02 0.08666666666666667
3 0.5425 0.2941666666666667 0.0225 0.09
3 0.650625 0.37666666666666665 0.0325 0.11833333333333333
3 0.676875 0.29333333333333333 0.03125 0.08333333333333333
3 0.736875 0.27 0.03375 0.06833333333333333
3 0.78625 0.30666666666666664 0.02875 0.09
3 0.619375 0.2425 0.02 0.06666666666666667
3 0.2975 0.23416666666666666 0.01875 0.06833333333333333
3 0.570625 0.3225 0.02375 0.09
3 0.63125 0.3283333333333333 0.0225 0.09333333333333334
3 0.45 0.27416666666666667 0.01875 0.085
3 0.58375 0.245 0.02 0.07333333333333333
3 0.335625 0.17583333333333334 0.015 0.051666666666666666
3 0.598125 0.2891666666666667 0.0225 0.085
3 0.17625 0.48 0.0375 0.135
2 0.259375 0.36083333333333334 0.09625 0.13166666666666665
3 0.615 0.30666666666666664 0.0225 0.08333333333333333
3 0.52125 0.24166666666666667 0.01625 0.07166666666666667
3 0.559375 0.2575 0.0175 0.075
3 0.3925 0.15416666666666667 0.0125 0.05
3 0.360625 0.17333333333333334 0.01375 0.051666666666666666
3 0.31875 0.145 0.01 0.03666666666666667
3 0.888125 0.355 0.055 0.08833333333333333
3 0.423125 0.2225 0.015 0.06666666666666667
3 0.55375 0.20583333333333334 0.0175 0.06166666666666667
3 0.488125 0.25916666666666666 0.02 0.08333333333333333
3 0.46875 0.19333333333333333 0.0125 0.055
3 0.540625 0.225 0.0175 0.06166666666666667
3 0.453125 0.22333333333333333 0.015 0.06333333333333334