3 0.929375 0.3825 0.08125 0.11333333333333333
3 0.81125 0.38 0.095 0.11333333333333333
3 0.289375 0.3416666666666667 0.08125 0.10666666666666667
3 0.539375 0.7091666666666666 0.065 0.22166666666666668
3 0.60125 0.2325 0.03625 0.065
3 0.50875 0.2325 0.02375 0.06833333333333333
3 0.550625 0.21833333333333332 0.02625 0.06166666666666667
3 0.398125 0.185 0.0175 0.058333333333333334
2 0.406875 0.15666666666666668 0.0325 0.04666666666666667
2 0.305 0.1725 0.04 0.05
3 0.486875 0.1975 0.02 0.056666666666666664
3 0.535625 0.205 0.02625 0.06166666666666667