1 0.566875 0.25166666666666665 0.16 0.195
2 0.899375 0.8266666666666667 0.20125 0.32666666666666666
2 0.599375 0.8058333333333333 0.24875 0.31666666666666665
2 0.26375 0.6083333333333333 0.1675 0.23666666666666666
2 0.45625 0.3491666666666667 0.09 0.11333333333333333
2 0.333125 0.30583333333333335 0.08125 0.10166666666666667
2 0.37625 0.4175 0.10625 0.14
2 0.409375 0.24083333333333334 0.05625 0.07
2 0.31 0.23 0.05625 0.06666666666666667
3 0.813125 0.49666666666666665 0.04875 0.15333333333333332
3 0.635625 0.37583333333333335 0.03625 0.11666666666666667
3 0.795625 0.38 0.03875 0.105
3 0.72125 0.37583333333333335 0.02625 0.11
2 0.43 0.20166666666666666 0.04625 0.06166666666666667
2 0.3725 0.1825 0.04 0.05333333333333334