2 0.80375 0.8525 0.29125 0.295
2 0.515 0.6741666666666667 0.17875 0.22666666666666666
2 0.696875 0.33666666666666667 0.24 0.125
3 0.75 0.5666666666666667 0.05375 0.17666666666666667
3 0.976875 0.4825 0.04625 0.13
2 0.2325 0.6166666666666667 0.145 0.20666666666666667
3 0.838125 0.4691666666666667 0.06 0.11833333333333333
3 0.685 0.49666666666666665 0.0525 0.155
3 0.599375 0.4525 0.045 0.13333333333333333
3 0.779375 0.42583333333333334 0.03375 0.14
3 0.381875 0.5016666666666667 0.03875 0.13833333333333334
3 0.8625 0.6675 0.05875 0.21
3 0.526875 0.46166666666666667 0.035 0.135
3 0.699375 0.3875 0.0475 0.1
3 0.906875 0.6358333333333334 0.045 0.19333333333333333
3 0.359375 0.6033333333333334 0.04125 0.18833333333333332
3 0.751875 0.45416666666666666 0.0425 0.13166666666666665
3 0.52375 0.3825 0.03625 0.11333333333333333
3 0.45125 0.3725 0.03125 0.11833333333333333
3 0.62875 0.41 0.035 0.13166666666666665
3 0.87375 0.5441666666666667 0.09125 0.15833333333333333
3 0.5475 0.35333333333333333 0.03 0.10833333333333334
3 0.71625 0.4608333333333333 0.045 0.14166666666666666
3 0.47875 0.34 0.0275 0.10666666666666667
3 0.358125 0.42333333333333334 0.03125 0.11833333333333333
3 0.353125 0.3591666666666667 0.03125 0.10833333333333334
3 0.57875 0.21916666666666668 0.025 0.07
3 0.97 0.42833333333333334 0.05 0.10333333333333333
3 0.386875 0.34 0.03 0.10833333333333334
3 0.908125 0.4775 0.055 0.13833333333333334
3 0.988125 0.6008333333333333 0.02375 0.19166666666666668
2 0.624375 0.975 0.30125 0.04833333333333333
3 0.62125 0.3591666666666667 0.06 0.1
3 0.8025 0.39 0.02625 0.11
3 0.899375 0.3975 0.03 0.09833333333333333
3 0.125625 0.35083333333333333 0.05625 0.11
3 0.873125 0.415 0.0325 0.10833333333333334