2 0.191875 0.855 0.2375 0.28833333333333333
2 0.79375 0.38333333333333336 0.19375 0.10833333333333334
3 0.815 0.4775 0.07 0.12833333333333333
2 0.82 0.26166666666666666 0.1525 0.08666666666666667
3 0.84125 0.65 0.06375 0.18833333333333332
3 0.900625 0.6208333333333333 0.06875 0.18
3 0.978125 0.9033333333333333 0.04375 0.19166666666666668
3 0.274375 0.29833333333333334 0.0675 0.09
3 0.499375 0.2916666666666667 0.07 0.08166666666666667
3 0.785625 0.6775 0.05875 0.21333333333333335
3 0.705 0.7633333333333333 0.06875 0.25166666666666665
3 0.64375 0.6825 0.0625 0.21
3 0.63 0.30666666666666664 0.0525 0.09
3 0.6875 0.2966666666666667 0.06 0.085
3 0.074375 0.7166666666666667 0.0675 0.225
3 0.386875 0.29083333333333333 0.05625 0.08
3 0.8575 0.9366666666666666 0.08 0.12666666666666668
2 0.15875 0.3416666666666667 0.16625 0.145
3 0.796875 0.295 0.05 0.07833333333333334
3 0.45 0.28583333333333333 0.04375 0.07
2 0.575 0.8625 0.23625 0.275
3 0.8325 0.8425 0.0725 0.19666666666666666
3 0.775625 0.9625 0.0975 0.07333333333333333
3 0.963125 0.44333333333333336 0.05375 0.08833333333333333
3 0.664375 0.5841666666666666 0.06125 0.18
3 0.964375 0.5266666666666666 0.06875 0.12833333333333333
3 0.415 0.24666666666666667 0.0225 0.07333333333333333
3 0.69875 0.6333333333333333 0.05125 0.145
3 0.299375 0.25916666666666666 0.0375 0.06833333333333333
3 0.355 0.24333333333333335 0.025 0.07833333333333334
2 0.978125 0.325 0.04375 0.12
3 0.98625 0.6616666666666666 0.02625 0.19666666666666666
3 0.45375 0.24083333333333334 0.03125 0.07