1 0.86625 0.6825 0.2675 0.635
2 0.524375 0.33166666666666667 0.11625 0.125
2 0.375 0.9433333333333334 0.27 0.11166666666666666
2 0.25625 0.335 0.07375 0.1
2 0.51375 0.445 0.1275 0.14333333333333334
2 0.39375 0.3175 0.07 0.09166666666666666
2 0.281875 0.25916666666666666 0.0675 0.105
2 0.35375 0.5075 0.14125 0.215
2 0.35625 0.20166666666666666 0.04625 0.06833333333333333
3 0.71125 0.32083333333333336 0.02625 0.10166666666666667
3 0.609375 0.3233333333333333 0.025 0.10166666666666667
3 0.663125 0.30583333333333335 0.025 0.08833333333333333
3 0.645625 0.25916666666666666 0.0225 0.075
2 0.40375 0.25333333333333335 0.065 0.09166666666666666
2 0.290625 0.18916666666666668 0.04375 0.06333333333333334
3 0.6825 0.25416666666666665 0.0225 0.07333333333333333
3 0.58625 0.25833333333333336 0.01875 0.07666666666666666
2 0.535 0.2733333333333333 0.095 0.08833333333333333
2 0.4425 0.2075 0.04875 0.065
3 0.509375 0.21166666666666667 0.01875 0.065
3 0.57 0.22416666666666665 0.01625 0.056666666666666664
3 0.490625 0.1925 0.015 0.056666666666666664