2 0.6625 0.3516666666666667 0.13375 0.11
2 0.73875 0.2658333333333333 0.13125 0.075
3 0.919375 0.28 0.05875 0.07
3 0.57375 0.5591666666666667 0.0475 0.17333333333333334
3 0.835 0.2608333333333333 0.05375 0.07666666666666666
3 0.469375 0.375 0.04625 0.12333333333333334
3 0.851875 0.9541666666666667 0.10375 0.09
3 0.260625 0.29583333333333334 0.03125 0.095
3 0.46375 0.2891666666666667 0.0325 0.09
3 0.75125 0.2758333333333333 0.06125 0.07166666666666667
3 0.614375 0.22583333333333333 0.035 0.06666666666666667
3 0.390625 0.23 0.02375 0.07