1 0.311875 0.2875 0.1225 0.23833333333333334
2 0.60125 0.8208333333333333 0.24625 0.295
2 0.624375 0.3983333333333333 0.1175 0.12333333333333334
3 0.794375 0.4325 0.06625 0.13
2 0.515 0.225 0.08125 0.105
3 0.868125 0.6366666666666667 0.0625 0.18833333333333332
2 0.32625 0.595 0.13625 0.20166666666666666
3 0.11875 0.555 0.055 0.17666666666666667
2 0.443125 0.2941666666666667 0.07125 0.08833333333333333
3 0.948125 0.5808333333333333 0.06125 0.18
3 0.843125 0.5233333333333333 0.04875 0.15166666666666667
3 0.599375 0.465 0.045 0.14333333333333334
3 0.385 0.7966666666666666 0.08 0.25666666666666665
3 0.471875 0.4216666666666667 0.04375 0.12833333333333333
3 0.44 0.365 0.03625 0.115
3 0.706875 0.31083333333333335 0.0325 0.09833333333333333
3 0.6475 0.30916666666666665 0.03 0.08833333333333333
3 0.52375 0.285 0.02375 0.08333333333333333
3 0.629375 0.26916666666666667 0.02625 0.07166666666666667
3 0.620625 0.24833333333333332 0.02625 0.06833333333333333