3 0.73671875 0.6135416666666667 0.075 0.23541666666666666
2 0.5296875 0.6572916666666667 0.215625 0.3145833333333333
3 0.2734375 0.703125 0.0859375 0.25625
3 0.58515625 0.375 0.0453125 0.14166666666666666
3 0.65703125 0.3260416666666667 0.04375 0.14375
3 0.80234375 0.39791666666666664 0.05625 0.16875
3 0.53515625 0.30416666666666664 0.04375 0.14166666666666666
3 0.7125 0.41041666666666665 0.0453125 0.16041666666666668
3 0.60390625 0.16041666666666668 0.0515625 0.08333333333333333
3 0.734375 0.3333333333333333 0.0390625 0.11458333333333333
2 0.484375 0.12291666666666666 0.059375 0.07291666666666667
3 0.615625 0.271875 0.0375 0.1125
3 0.50546875 0.19479166666666667 0.0328125 0.09166666666666666