2 0.4875 0.8427083333333333 0.290625 0.3104166666666667
3 0.734375 0.734375 0.0828125 0.2604166666666667
3 0.52734375 0.609375 0.0796875 0.21875
3 0.48359375 0.4666666666666667 0.0796875 0.1875
3 0.6734375 0.6208333333333333 0.0703125 0.23333333333333334
3 0.64296875 0.27395833333333336 0.115625 0.12291666666666666
0 0.36875 0.30833333333333335 0.0984375 0.12708333333333333
3 0.17578125 0.30104166666666665 0.09375 0.11875
2 0.309375 0.22916666666666666 0.2046875 0.1
2 0.77578125 0.22291666666666668 0.190625 0.10833333333333334
3 0.040625 0.31875 0.08125 0.11041666666666666
0 0.303125 0.38645833333333335 0.0609375 0.15