3 0.904375 0.7266666666666667 0.0725 0.22333333333333333
3 0.63 0.30083333333333334 0.0675 0.08666666666666667
2 0.32 0.25333333333333335 0.06125 0.06833333333333333
3 0.66875 0.8033333333333333 0.06625 0.25
2 0.43875 0.24416666666666667 0.0725 0.07666666666666666
3 0.55875 0.32166666666666666 0.07625 0.09
3 0.1475 0.58 0.04625 0.16
3 0.9325 0.2758333333333333 0.055 0.06666666666666667
3 0.765625 0.25666666666666665 0.0575 0.06833333333333333
3 0.511875 0.2833333333333333 0.0275 0.08166666666666667
3 0.52875 0.2575 0.02625 0.07166666666666667
3 0.105 0.3375 0.085 0.08833333333333333
3 0.589375 0.23083333333333333 0.0375 0.06333333333333334
3 0.6375 0.2275 0.03875 0.05333333333333334
2 0.07375 0.3258333333333333 0.1475 0.12666666666666668