2 0.276875 0.4091666666666667 0.098125 0.11083333333333334
3 0.8634375 0.65 0.07375 0.19166666666666668
3 0.24 0.49333333333333335 0.041875 0.13916666666666666
3 0.4121875 0.7908333333333334 0.063125 0.23
2 0.4978125 0.53875 0.135625 0.18
2 0.5209375 0.4125 0.083125 0.11
3 0.3096875 0.4708333333333333 0.038125 0.135
3 0.7759375 0.5554166666666667 0.053125 0.16916666666666666
3 0.395 0.41458333333333336 0.033125 0.11916666666666667
2 0.28375 0.60875 0.11625 0.16833333333333333
1 0.47875 0.19791666666666666 0.12375 0.12
3 0.340625 0.3616666666666667 0.026875 0.11083333333333334
2 0.67 0.31875 0.0725 0.10083333333333333