2 0.82625 0.8783333333333333 0.306875 0.24083333333333334
2 0.219375 0.6479166666666667 0.17125 0.2425
2 0.2753125 0.4658333333333333 0.114375 0.16083333333333333
2 0.51875 0.81875 0.21875 0.3516666666666667
3 0.970625 0.8616666666666667 0.05875 0.25166666666666665
2 0.461875 0.4658333333333333 0.120625 0.15833333333333333
3 0.2975 0.825 0.06875 0.23666666666666666
3 0.7465625 0.6141666666666666 0.059375 0.1725
2 0.433125 0.36125 0.08875 0.12166666666666667
3 0.323125 0.9275 0.0775 0.145
2 0.89 0.4920833333333333 0.141875 0.13666666666666666
3 0.1096875 0.8875 0.089375 0.22333333333333333
3 0.5909375 0.59875 0.055 0.185
2 0.295 0.3458333333333333 0.09625 0.0875
3 0.2934375 0.29125 0.0275 0.07166666666666667
2 0.4025 0.26125 0.05375 0.06916666666666667
2 0.47875 0.3045833333333333 0.064375 0.0875
3 0.319375 0.26875 0.025 0.0675