2 0.26 0.5025 0.124375 0.15833333333333333
2 0.5259375 0.7445833333333334 0.184375 0.27
2 0.530625 0.51125 0.11375 0.14333333333333334
3 0.1259375 0.39791666666666664 0.070625 0.10166666666666667
2 0.7040625 0.42625 0.105625 0.135
3 0.164375 0.6979166666666666 0.05625 0.2025
3 0.2765625 0.6366666666666667 0.053125 0.18
2 0.475 0.3441666666666667 0.080625 0.13583333333333333
3 0.42625 0.42083333333333334 0.031875 0.13583333333333333
3 0.37875 0.44166666666666665 0.031875 0.13
3 0.3921875 0.5225 0.04125 0.15083333333333335
3 0.975 0.9345833333333333 0.049375 0.13083333333333333
3 0.27375 0.37 0.0375 0.11083333333333334
1 0.5190625 0.22333333333333333 0.09 0.14166666666666666
3 0.58625 0.33625 0.024375 0.1
3 0.31625 0.35208333333333336 0.02375 0.1
2 0.3821875 0.265 0.07625 0.14333333333333334
2 0.335625 0.32375 0.0575 0.07666666666666666
3 0.3878125 0.37625 0.030625 0.10583333333333333