1 0.5271875 0.27875 0.188125 0.2125
3 0.326875 0.46541666666666665 0.091875 0.15333333333333332
2 0.1296875 0.42916666666666664 0.25125 0.14583333333333334
2 0.45 0.4025 0.153125 0.1275
3 0.3334375 0.8908333333333334 0.081875 0.2175
1 0.79875 0.83125 0.4 0.3375
2 0.3115625 0.3179166666666667 0.1325 0.09666666666666666
3 0.5159375 0.8991666666666667 0.078125 0.20166666666666666
2 0.315625 0.37333333333333335 0.15875 0.1
3 0.1225 0.8916666666666667 0.0675 0.21666666666666667
3 0.224375 0.8883333333333333 0.07375 0.22
3 0.425 0.9175 0.079375 0.165
3 0.0490625 0.85375 0.069375 0.18916666666666668
2 0.041875 0.3670833333333333 0.08375 0.11
3 0.4146875 0.29 0.03625 0.09166666666666666
3 0.2846875 0.9641666666666666 0.088125 0.07083333333333333
3 0.1671875 0.9545833333333333 0.0825 0.09083333333333334
3 0.0478125 0.9395833333333333 0.081875 0.12083333333333333