2 0.2675 0.9508333333333333 0.245 0.09833333333333333
2 0.2571875 0.4716666666666667 0.115625 0.15833333333333333
2 0.538125 0.6479166666666667 0.1675 0.22333333333333333
3 0.224375 0.695 0.059375 0.21333333333333335
3 0.46125 0.7983333333333333 0.076875 0.24166666666666667
3 0.6821875 0.8108333333333333 0.0725 0.24583333333333332
3 0.28375 0.7333333333333333 0.064375 0.22166666666666668
3 0.146875 0.42375 0.038125 0.12916666666666668
3 0.1078125 0.4575 0.051875 0.11833333333333333
3 0.3775 0.7170833333333333 0.063125 0.23083333333333333
3 0.1084375 0.7470833333333333 0.07 0.22166666666666668
3 0.711875 0.6141666666666666 0.055 0.15666666666666668
3 0.53 0.385 0.033125 0.13583333333333333
3 0.750625 0.4529166666666667 0.050625 0.12583333333333332
3 0.8178125 0.8779166666666667 0.07875 0.24333333333333335
3 0.1740625 0.5258333333333334 0.0475 0.13166666666666665
3 0.0928125 0.5683333333333334 0.055 0.14833333333333334
3 0.18875 0.6041666666666666 0.046875 0.16666666666666666
3 0.3378125 0.5695833333333333 0.0525 0.175
2 0.4340625 0.49875 0.1175 0.1475
3 0.315 0.6366666666666667 0.05375 0.195
3 0.194375 0.37416666666666665 0.031875 0.10583333333333333
3 0.7271875 0.5454166666666667 0.050625 0.12833333333333333
2 0.4625 0.19208333333333333 0.074375 0.12
3 0.576875 0.4633333333333333 0.041875 0.12833333333333333
3 0.124375 0.62875 0.064375 0.16166666666666665
3 0.553125 0.32708333333333334 0.035 0.10166666666666667
3 0.9725 0.8695833333333334 0.055 0.2608333333333333
3 0.679375 0.40291666666666665 0.040625 0.13
3 0.2859375 0.3458333333333333 0.0625 0.1225
2 0.4328125 0.4975 0.12 0.15333333333333332