2 0.3171875 0.42 0.10875 0.135
2 0.4646875 0.9270833333333334 0.27 0.1425
3 0.220625 0.44208333333333333 0.085 0.13833333333333334
2 0.4659375 0.3 0.07625 0.13083333333333333
3 0.264375 0.3566666666666667 0.0625 0.08666666666666667
2 0.4421875 0.23 0.056875 0.06333333333333334
3 0.3178125 0.33 0.033125 0.09
2 0.3621875 0.3258333333333333 0.07375 0.1175
3 0.5628125 0.33791666666666664 0.033125 0.10083333333333333
3 0.0346875 0.40125 0.066875 0.095
3 0.5153125 0.3804166666666667 0.030625 0.12833333333333333
3 0.65 0.29291666666666666 0.029375 0.09083333333333334