2 0.3396875 0.3779166666666667 0.1 0.12083333333333333
2 0.4640625 0.9266666666666666 0.266875 0.14666666666666667
3 0.338125 0.4483333333333333 0.075625 0.125
2 0.4721875 0.27208333333333334 0.064375 0.08333333333333333
3 0.5021875 0.3983333333333333 0.05375 0.13916666666666666
3 0.2190625 0.43291666666666667 0.076875 0.13166666666666665
3 0.120625 0.38125 0.06625 0.10583333333333333
3 0.3865625 0.47458333333333336 0.065 0.15833333333333333
3 0.1575 0.45166666666666666 0.09125 0.13
0 0.443125 0.42 0.055625 0.13083333333333333
3 0.3121875 0.295 0.0575 0.09333333333333334
2 0.891875 0.495 0.1475 0.13333333333333333