2 0.534375 0.34708333333333335 0.139375 0.12083333333333333
3 0.15625 0.355 0.05625 0.095
3 0.2259375 0.3904166666666667 0.05375 0.09666666666666666
3 0.51875 0.42833333333333334 0.070625 0.11916666666666667
3 0.1271875 0.3858333333333333 0.07125 0.10083333333333333
3 0.7503125 0.88625 0.085 0.225
3 0.6309375 0.8691666666666666 0.0725 0.24
2 0.3296875 0.31625 0.105 0.08583333333333333
3 0.241875 0.33666666666666667 0.05125 0.08916666666666667
3 0.2565625 0.4216666666666667 0.068125 0.11
3 0.3475 0.37583333333333335 0.05375 0.09166666666666666
3 0.1009375 0.35375 0.06 0.0825
1 0.21625 0.7733333333333333 0.4325 0.45166666666666666
3 0.5365625 0.9141666666666667 0.0825 0.17166666666666666
3 0.881875 0.9183333333333333 0.09625 0.16333333333333333
2 0.0325 0.44458333333333333 0.065 0.1425
3 0.4221875 0.28625 0.03375 0.09916666666666667
3 0.33 0.3416666666666667 0.04 0.07916666666666666